152 548 162 291
167 548 165 289
172 544 185 293
166 545 188 297
166 545 191 300
171 543 190 298
168 537 197 301
209 521 227 300
184 537 217 308
186 534 214 304
186 531 209 299
187 538 208 301
186 540 205 301
180 538 202 301
184 538 202 300
180 541 205 301
181 539 205 301
189 537 207 300
187 539 206 301
183 540 205 300
179 541 204 302
184 543 203 303
183 539 202 303
180 542 201 303
180 544 200 304
178 541 200 304
182 540 199 303
186 537 199 303
187 535 198 301
177 515 198 303
178 536 198 306
176 541 198 306
180 540 198 305
175 539 198 307
178 538 197 304
174 531 202 308
175 537 200 307
170 531 201 309
169 533 201 309
170 532 200 309
165 532 203 312
167 534 201 311
168 532 193 308
167 543 183 304
165 545 182 303
167 541 172 295
169 538 168 295
170 536 168 294
171 535 175 294
173 544 175 295
173 533 174 292
172 542 174 295
172 541 170 291
167 540 172 294
165 537 171 294
169 533 173 295
168 532 172 296
168 538 173 298
169 543 170 300
166 547 170 301
164 547 166 297
164 541 163 293
164 547 160 292
165 548 157 291
166 546 157 291
165 548 157 291
167 549 156 290
166 548 156 291
165 548 156 291
164 548 156 291
164 549 156 292
166 547 156 290
167 547 159 291
165 546 160 289
165 546 163 293
167 545 165 291
168 546 168 293
169 542 170 293
167 543 170 293
166 544 169 293
167 540 169 292
166 543 168 293
165 546 169 293
165 544 168 293
165 543 167 293
164 543 167 293
164 544 168 294
165 542 168 293
165 544 177 298
165 541 183 299
167 542 189 299
167 543 196 300
169 539 207 302
168 540 210 303
166 537 209 303
167 539 208 302
166 542 208 302
171 535 205 299
172 531 206 295
173 531 207 297
171 534 205 298
169 536 206 298
169 533 206 300
171 536 206 300
166 543 212 307
159 535 223 316
161 535 229 322
162 537 236 328
164 538 240 330
165 540 241 331
165 537 242 332
168 537 242 332
168 535 244 332
168 534 244 332
169 536 246 333
170 536 245 330
166 535 248 334
172 536 247 333
177 529 247 334
172 536 253 337
184 528 256 340
181 526 256 340
192 525 258 343
186 516 260 345
193 522 259 344
186 519 263 348
192 515 266 351
194 519 263 347
185 521 261 346
183 521 261 344
184 522 261 343
198 523 260 344
185 518 260 344
186 519 259 344
192 522 257 343
187 519 254 340
192 522 252 339
185 525 248 338
181 528 243 332
185 529 245 333
183 535 244 332
182 529 246 333
187 524 246 333
187 535 245 331
188 522 247 333
187 525 248 334
190 522 247 333
189 529 246 332
187 534 243 330
182 531 243 331
187 537 241 328
