75 519 105 254
68 520 110 260
73 529 119 261
76 521 121 262
76 521 122 261
79 521 125 263
84 507 129 261
92 498 134 260
84 493 131 263
80 515 129 265
79 523 129 265
81 518 130 265
81 516 130 266
81 517 130 266
82 521 130 265
80 516 131 267
81 517 131 264
80 517 132 266
73 515 135 269
73 513 135 269
36 516 132 272
80 522 132 267
77 523 130 267
29 517 130 268
79 520 130 267
87 509 136 263
82 515 133 266
88 509 133 265
79 502 133 263
45 508 133 263
79 509 132 261
87 510 132 258
86 509 131 259
78 517 130 260
48 518 129 263
66 521 129 262
43 515 129 263
43 518 129 264
44 521 131 266
83 516 135 263
87 516 134 261
98 530 153 264
91 502 136 259
81 507 126 259
85 511 118 253
80 515 108 251
77 515 101 247
75 513 96 247
77 516 96 246
73 518 93 247
76 517 92 246
76 517 92 246
75 518 92 246
74 517 92 247
74 518 92 247
72 519 91 246
72 519 90 247
73 516 90 247
74 517 89 244
73 523 87 244
73 522 84 244
50 517 80 247
65 525 77 240
51 522 76 240
42 523 76 244
35 515 75 239
43 518 75 244
40 519 75 242
29 521 74 246
49 514 74 240
29 517 74 239
27 522 74 240
27 521 74 239
27 517 74 242
29 527 79 248
37 528 81 247
38 526 84 249
38 522 87 248
36 510 88 248
43 521 89 248
31 521 90 249
43 520 92 251
22 518 97 247
51 516 95 250
73 525 93 244
72 513 93 244
45 518 93 245
27 521 100 247
48 521 108 249
62 521 112 251
77 521 116 252
64 523 120 258
18 520 120 255
24 513 121 258
18 513 123 260
25 518 122 259
25 511 124 259
25 506 123 257
63 505 124 258
56 519 125 258
75 511 124 258
73 511 124 258
76 513 131 262
43 523 137 265
83 523 142 266
88 529 149 269
93 522 157 271
97 520 157 269
92 521 158 271
91 522 160 272
88 521 162 275
91 518 163 273
91 519 166 276
96 513 169 276
100 521 168 273
99 519 169 275
101 525 171 272
94 522 174 275
88 525 177 283
101 521 179 276
99 521 180 278
99 519 181 279
98 524 181 282
96 525 183 284
93 527 182 283
95 527 182 283
94 531 183 284
98 532 183 283
101 526 185 283
99 525 182 283
103 522 179 277
104 522 177 276
106 519 175 273
102 518 173 272
101 518 172 272
96 519 171 275
98 519 171 274
92 520 170 275
100 518 172 273
92 522 170 277
91 522 170 275
87 524 167 277
87 521 170 279
