84 533 157 315
82 530 154 313
77 529 152 314
81 525 148 309
80 526 144 309
82 526 144 308
82 525 145 310
84 529 144 310
84 528 144 311
82 527 144 310
82 526 144 311
0 640 0 400
94 533 157 312
88 530 156 317
88 531 154 319
82 529 151 318
80 526 153 319
77 523 153 320
76 521 151 318
76 522 152 320
76 522 149 317
76 522 148 317
76 520 147 316
68 514 148 315
64 511 153 322
59 505 160 328
64 510 158 326
111 465 249 319
68 511 164 325
65 510 161 329
65 512 159 327
66 516 157 328
65 516 156 327
66 516 156 327
66 514 154 324
66 516 153 325
64 515 153 324
64 516 152 324
66 516 154 323
80 512 176 323
69 515 156 323
68 515 146 319
84 513 176 319
65 516 128 313
63 516 123 312
89 507 181 314
64 515 121 311
63 513 120 309
64 515 120 311
66 514 136 317
79 512 174 321
67 513 136 316
67 513 134 317
64 516 131 317
65 517 130 317
66 519 128 315
65 516 125 314
68 517 124 315
72 515 143 317
66 515 124 313
66 514 117 308
96 507 202 315
80 510 169 314
66 514 119 308
64 514 129 313
69 514 133 313
66 514 120 308
66 515 120 308
65 522 106 298
66 522 107 301
69 519 110 299
71 516 136 309
65 513 121 307
63 513 118 306
62 514 119 307
62 514 118 304
63 515 118 304
63 512 119 300
62 513 120 304
70 511 138 307
65 510 124 301
86 514 206 319
84 503 180 306
74 511 139 304
67 510 128 299
65 512 123 303
65 512 131 305
97 511 225 321
82 506 173 310
70 506 158 308
69 506 158 310
68 508 159 312
68 506 157 311
68 509 158 312
70 510 161 315
72 511 164 317
88 506 196 316
75 507 170 316
74 510 165 315
75 513 163 316
74 514 162 318
74 516 162 319
75 516 167 321
92 524 209 335
100 514 213 328
85 518 195 329
83 520 196 332
82 521 195 333
84 521 192 329
82 520 190 328
80 517 188 329
79 517 189 329
78 518 186 327
78 516 182 322
80 516 182 321
108 517 233 330
85 515 203 327
81 516 198 328
80 517 197 329
87 516 210 331
134 453 268 328
88 514 216 332
80 514 207 332
80 512 206 331
69 508 205 332
70 510 203 332
73 512 202 332
70 513 202 332
77 512 202 329
80 513 202 329
81 514 200 327
0 640 0 400
87 514 200 325
77 517 186 325
119 508 245 324
79 519 189 325
72 519 185 327
124 525 261 339
99 514 209 326
79 518 193 327
0 640 0 400
90 517 201 327
84 518 193 326
