115 584 163 314
114 586 157 309
115 586 152 308
114 586 156 308
116 587 157 307
117 587 156 305
117 587 157 304
117 586 161 308
130 580 180 306
162 575 226 307
124 583 175 308
120 584 167 305
120 584 168 305
120 584 167 305
120 585 163 304
117 586 160 304
119 586 159 303
117 586 158 303
118 586 158 304
116 586 158 306
116 586 157 306
118 586 157 307
116 587 157 307
116 587 157 307
114 587 158 308
118 587 162 306
118 586 161 305
119 588 160 305
117 589 157 304
118 589 156 301
118 589 155 299
117 590 155 299
117 589 156 297
118 587 161 305
116 585 166 313
117 585 165 311
116 584 166 314
115 583 166 315
119 582 171 321
116 583 169 318
117 582 169 320
114 585 161 317
116 585 158 316
116 586 150 315
115 588 143 313
116 589 136 309
111 589 133 310
114 589 132 311
115 590 129 306
114 590 128 306
114 590 127 304
112 592 125 303
120 590 138 304
112 591 125 300
112 592 123 301
111 592 121 301
112 592 118 299
110 592 115 296
111 592 114 296
115 591 112 294
112 591 110 292
113 591 109 290
110 592 109 290
113 591 109 288
106 591 108 289
128 589 120 278
176 580 208 287
144 577 174 289
116 590 112 285
114 590 109 284
111 590 108 283
109 591 107 283
114 590 110 285
109 589 111 287
118 589 117 291
116 590 122 294
119 589 123 293
116 590 122 296
118 590 122 296
118 587 126 300
116 588 127 305
116 586 128 304
118 588 127 302
113 586 129 305
114 587 125 301
116 588 127 302
117 587 132 309
160 566 235 320
120 584 157 315
118 584 156 317
120 583 160 316
118 583 160 316
119 584 160 315
117 584 159 313
117 583 160 312
118 584 159 311
118 585 158 309
117 585 159 308
118 584 158 307
120 585 165 313
119 584 171 317
121 583 177 320
120 582 182 321
120 582 189 321
118 583 194 318
124 583 198 319
121 583 197 318
120 583 197 318
122 584 196 317
123 582 198 320
118 577 198 327
122 575 198 330
115 579 197 333
112 574 200 337
115 574 202 337
120 577 206 337
131 570 209 338
133 573 209 337
136 576 209 337
135 576 211 337
136 570 213 339
142 568 215 342
140 568 212 341
143 569 213 341
137 570 211 339
136 570 211 339
133 571 210 337
134 573 209 335
130 575 207 332
126 575 203 325
127 578 202 326
128 579 198 322
125 577 199 324
127 580 199 325
129 578 200 326
136 578 199 325
130 581 196 322
129 581 194 319
124 581 194 318
127 581 194 317
124 580 193 316
127 579 193 315
126 581 192 315
