157 573 193 350
157 574 194 351
155 573 194 355
157 573 198 350
155 571 200 358
159 573 201 355
160 572 201 351
158 572 203 355
158 572 203 356
161 573 203 352
157 572 203 356
155 572 203 354
159 572 204 355
159 571 202 354
161 571 201 351
162 572 202 350
158 573 204 355
157 572 204 353
155 570 205 349
158 571 205 355
156 572 205 357
158 571 205 354
158 572 205 354
159 570 205 355
153 572 204 355
139 574 205 353
156 572 205 356
152 572 205 354
146 573 203 353
144 574 198 354
156 572 191 349
155 569 189 347
151 568 187 349
152 574 187 348
154 570 188 348
155 569 188 347
151 574 188 345
151 570 188 350
151 572 188 345
152 569 189 347
149 571 189 350
151 572 189 347
156 574 186 344
152 575 177 344
145 575 168 351
142 577 162 348
145 577 155 342
143 576 151 341
146 577 149 335
147 576 149 336
148 576 149 330
150 576 150 327
149 575 150 325
150 576 152 325
157 577 153 317
157 577 152 318
156 577 152 318
157 578 149 316
160 578 150 315
192 576 177 299
165 578 147 309
169 578 147 302
170 579 146 302
170 578 145 299
169 578 144 301
172 578 144 295
168 579 143 302
170 578 144 300
168 579 144 301
170 578 145 300
167 578 145 304
166 579 149 307
166 579 153 311
164 578 156 314
167 578 157 313
164 577 162 317
164 577 162 318
164 577 164 320
160 576 163 324
161 575 164 324
163 577 164 322
164 577 165 322
163 576 165 324
161 575 166 326
160 575 167 328
160 576 169 330
162 574 175 333
160 574 183 339
164 572 189 335
164 564 194 339
181 566 215 336
166 569 201 342
168 567 200 339
169 571 201 338
184 568 218 338
186 568 227 326
168 569 204 341
167 568 205 342
172 568 205 337
166 565 204 351
168 566 211 351
147 567 215 354
0 640 0 400
204 553 257 356
192 554 252 359
185 561 249 356
172 556 248 362
168 556 241 359
170 555 242 359
168 558 242 359
165 556 241 359
168 558 242 361
165 554 241 362
167 554 247 363
177 550 248 360
181 553 249 359
236 539 276 355
219 529 274 364
157 544 262 384
208 545 264 359
203 543 262 360
204 545 260 360
199 543 260 361
195 542 258 361
194 544 258 361
195 544 256 362
203 547 256 358
195 547 253 359
198 546 253 356
188 549 247 353
190 552 244 351
192 550 243 349
194 559 236 344
197 558 236 345
187 560 236 347
209 543 261 357
168 553 241 368
209 539 262 358
190 543 259 370
185 550 242 355
0 640 0 400
193 555 242 347
