162 553 181 351
165 552 184 349
147 550 209 370
147 552 197 369
160 549 196 356
152 550 198 368
150 554 200 369
148 552 199 369
149 552 198 369
153 552 197 368
165 550 197 351
151 551 196 368
148 550 197 369
152 552 197 368
168 550 198 354
149 551 197 369
154 550 197 367
149 551 197 369
148 551 197 368
152 552 198 369
169 548 212 357
147 547 197 369
141 551 197 369
146 551 196 369
149 549 196 368
145 549 196 369
148 550 196 369
148 550 195 368
150 554 195 367
145 554 192 368
146 551 190 368
144 546 188 368
161 551 187 346
160 546 186 346
147 548 185 366
197 528 229 341
0 640 0 400
125 543 205 368
135 544 193 368
161 538 192 348
160 543 189 348
161 547 188 349
162 539 187 347
158 541 187 346
161 550 185 344
162 554 170 338
165 552 165 335
164 556 159 333
164 556 155 332
165 554 151 330
166 560 151 329
166 558 151 329
187 549 197 333
203 530 219 335
170 549 175 338
167 559 158 333
166 559 157 331
166 558 156 331
166 558 156 331
168 558 155 331
166 559 154 332
166 560 151 332
166 561 149 331
167 558 146 330
169 556 145 329
166 555 144 329
166 556 144 330
170 556 144 323
167 556 144 331
195 538 218 336
172 544 173 340
168 557 149 329
168 553 146 331
170 558 145 327
168 555 145 330
164 555 147 333
167 549 150 332
169 548 153 331
168 549 156 336
166 549 158 339
164 547 160 343
168 549 160 337
165 544 159 339
166 551 159 338
166 549 159 337
166 547 159 338
164 550 158 339
173 526 171 334
0 640 0 400
163 546 174 350
166 551 163 338
167 547 161 338
164 546 161 341
164 547 160 343
163 551 161 341
164 549 164 342
164 545 173 352
161 537 178 350
141 542 185 368
132 538 189 369
163 538 193 356
149 537 192 368
149 538 193 369
148 539 193 369
161 527 213 368
129 538 249 369
157 529 218 369
149 531 200 369
150 533 198 369
151 533 197 368
148 537 197 369
154 541 201 368
149 538 206 369
151 528 213 369
157 527 227 370
160 533 230 370
161 524 233 369
157 519 234 369
160 515 233 369
144 512 234 369
145 528 249 369
120 537 252 370
156 523 234 368
154 528 234 369
160 527 234 369
152 522 235 370
146 523 235 370
127 527 238 369
143 532 242 378
132 523 246 375
128 535 248 382
131 532 250 381
124 537 249 380
134 537 252 377
284 430 327 368
107 540 263 376
132 537 254 377
129 537 254 369
129 534 252 377
130 536 252 381
131 533 252 378
130 536 252 375
132 537 253 377
128 536 254 377
132 540 255 380
128 539 254 369
154 531 250 381
131 534 243 370
137 530 234 369
0 640 0 400
143 532 226 369
124 544 222 369
128 543 211 369
129 544 213 369
116 546 207 369
131 543 199 369
129 545 196 367
136 542 217 369
146 540 226 369
145 537 225 369
133 542 223 369
137 539 224 369
143 543 223 369
