90 544 181 342
124 532 225 346
95 543 186 342
97 537 204 355
94 538 206 359
95 537 206 359
95 538 205 357
96 537 205 357
94 540 205 357
96 539 206 357
96 537 206 358
94 539 206 359
93 538 205 359
94 538 205 357
94 539 204 357
92 538 206 359
94 540 204 357
94 538 205 358
97 538 205 356
96 540 205 356
96 540 205 356
95 538 205 357
95 539 205 358
96 538 205 358
95 538 205 358
97 538 206 357
94 540 206 358
94 539 206 358
98 540 206 355
99 542 207 354
100 543 208 353
100 543 209 352
101 543 209 350
102 543 210 352
100 543 210 352
100 543 210 352
101 544 210 352
100 542 210 353
101 542 210 352
100 542 210 353
98 543 210 354
98 544 209 354
95 545 192 347
94 545 188 345
95 546 186 342
94 546 182 340
93 545 180 340
93 545 180 339
92 545 180 340
94 544 181 340
92 545 180 340
92 544 181 339
92 545 180 340
93 545 180 340
92 543 181 340
91 545 180 341
92 545 180 341
92 545 180 341
94 543 180 340
93 541 178 341
93 541 177 340
91 538 176 340
91 539 176 340
91 540 176 340
91 539 176 340
91 540 176 339
92 540 176 339
90 539 175 339
90 539 176 341
90 541 176 339
90 540 177 341
92 539 181 344
92 539 182 346
89 538 184 348
89 537 185 348
90 537 186 349
88 538 186 349
87 537 186 349
87 537 186 350
88 536 186 349
87 537 186 349
88 537 186 349
86 538 186 349
88 537 187 349
88 537 189 351
89 539 199 359
88 539 206 364
89 538 210 365
89 537 211 366
89 536 212 367
91 539 213 368
90 537 212 367
89 538 212 367
90 537 212 368
89 538 213 367
89 537 213 368
88 537 213 369
90 537 214 369
90 537 216 369
93 534 222 371
104 528 248 382
113 528 249 375
109 531 247 378
109 529 249 379
108 529 248 379
111 533 248 377
107 529 249 380
113 529 249 377
108 528 249 380
112 531 249 378
111 531 249 379
112 530 250 379
114 530 253 379
118 528 256 375
122 530 258 375
127 531 259 374
126 531 260 374
130 528 266 376
134 526 266 375
136 528 266 373
135 526 268 376
135 527 268 376
137 525 268 374
137 526 268 374
137 527 267 375
137 527 268 375
138 527 268 373
133 527 269 378
141 526 267 370
136 530 263 370
144 531 262 365
142 531 260 364
138 533 257 364
139 531 258 364
134 533 256 366
132 531 255 365
131 533 255 366
128 533 253 367
127 532 252 365
129 534 248 360
122 535 245 363
123 537 244 362
