99 560 201 367
94 561 193 365
95 560 197 368
94 561 202 371
94 561 203 371
94 561 203 371
94 560 204 370
94 562 204 369
95 563 205 369
95 562 205 369
96 562 205 367
96 561 206 368
96 561 206 368
96 563 207 369
96 561 207 369
96 561 207 370
96 561 207 369
96 562 207 369
97 562 207 369
96 562 207 370
97 563 207 369
96 562 207 369
97 563 207 369
97 564 207 368
97 563 208 368
98 562 208 367
100 565 208 364
102 566 208 362
104 566 208 359
105 566 208 358
106 566 209 357
106 566 210 357
106 566 209 358
105 566 209 358
106 566 210 358
104 566 210 359
105 566 210 358
105 566 210 359
109 565 216 360
113 565 218 359
110 566 214 358
109 567 206 353
109 568 200 350
107 567 192 347
133 548 233 354
108 568 185 340
106 568 177 337
105 569 176 337
105 569 176 337
104 568 177 338
105 568 177 336
104 569 177 337
104 569 177 338
104 569 177 337
104 569 177 337
104 568 175 336
103 568 172 332
103 569 169 330
102 568 166 330
101 567 165 328
101 567 163 328
102 568 162 327
100 568 162 329
100 568 162 328
100 567 162 329
101 568 162 328
101 567 162 329
100 568 162 329
102 568 161 328
100 568 165 330
98 567 166 333
98 566 168 334
97 566 169 336
97 566 172 337
97 565 172 336
98 566 172 337
97 565 172 337
99 566 176 340
121 551 226 354
106 562 194 344
99 564 182 343
99 565 181 342
98 564 178 342
98 565 178 343
95 564 186 352
92 564 189 357
118 551 241 366
96 558 213 368
96 555 216 369
95 556 218 371
96 559 216 369
96 554 217 368
96 556 217 368
96 555 217 368
96 556 217 368
96 556 218 369
96 556 218 368
96 555 219 369
98 558 227 374
99 555 234 376
99 553 239 380
104 549 252 383
108 553 255 383
108 553 257 383
108 553 257 383
109 552 257 383
108 552 257 383
108 549 257 383
108 550 256 383
109 551 257 382
108 551 257 384
109 551 257 384
111 549 257 383
111 549 256 384
116 553 261 385
123 550 262 382
125 550 264 384
135 550 268 382
136 546 270 380
136 546 270 380
141 549 271 379
136 548 271 379
137 548 271 379
141 548 271 379
139 548 271 380
142 549 271 379
138 549 271 379
142 551 272 378
141 555 269 374
136 556 266 375
137 557 266 375
143 557 263 370
130 558 260 375
135 559 259 372
137 559 260 371
131 559 260 372
134 559 259 371
136 559 259 371
130 558 259 374
131 559 259 373
131 559 259 373
132 558 259 373
