226 365 85 111
31 436 211 338
37 436 214 345
46 436 212 347
41 436 212 350
47 436 211 349
58 436 212 350
37 438 212 349
50 436 210 347
53 438 210 347
58 437 211 347
47 439 214 349
129 430 309 355
42 436 218 351
44 437 212 349
59 437 212 350
38 437 212 351
47 437 213 352
53 439 213 352
56 437 213 353
48 438 213 353
54 438 213 353
58 439 212 354
57 437 226 354
39 438 215 353
57 437 209 354
62 438 210 354
55 438 211 354
57 437 210 353
44 437 209 355
67 439 208 353
62 439 208 353
53 438 209 354
56 439 208 353
51 440 209 353
93 432 294 358
36 438 213 352
37 439 213 351
39 438 212 351
39 437 212 351
51 439 211 351
36 439 211 350
59 439 204 347
60 440 192 343
55 440 188 341
58 439 187 341
54 439 185 340
59 438 184 340
56 439 185 339
59 439 186 340
57 438 185 339
60 439 186 340
55 438 186 340
53 439 186 338
56 438 185 339
54 439 185 340
60 439 189 339
91 437 230 333
58 438 188 336
52 437 178 336
54 437 177 333
53 436 177 333
52 438 177 333
58 437 177 333
56 438 177 334
54 437 177 333
55 437 177 334
56 439 177 333
56 437 177 333
54 439 177 334
53 438 177 335
190 359 63 111
51 436 184 333
51 439 183 335
50 438 185 336
50 436 186 338
50 438 186 341
49 436 186 338
50 438 186 340
49 439 186 339
50 438 186 339
50 436 186 339
46 437 186 340
50 439 186 339
54 437 186 338
48 437 195 343
187 398 68 118
51 440 204 339
49 441 205 347
47 440 208 350
55 439 207 350
51 441 207 351
52 439 206 350
53 440 207 351
52 441 207 350
52 437 207 351
54 440 207 351
52 441 207 351
52 439 208 351
53 441 212 356
39 439 215 359
45 439 218 361
39 440 224 365
52 441 226 366
47 439 229 368
50 440 231 368
50 440 233 368
51 441 233 369
48 440 233 369
41 439 233 369
47 440 233 369
55 441 234 369
50 439 233 369
109 429 305 366
49 438 241 369
50 437 240 371
50 438 242 373
54 438 243 374
60 438 244 375
60 438 244 375
58 439 245 376
56 438 245 376
56 439 245 376
54 439 246 376
61 439 246 375
52 439 246 375
53 438 247 376
58 436 245 375
60 437 242 370
58 439 239 369
59 436 237 367
60 436 235 366
61 438 235 366
62 437 235 366
56 437 235 365
62 436 234 365
58 436 234 366
64 437 234 365
62 437 233 366
59 436 233 366
65 438 234 365
64 436 233 367
