127 581 108 287
127 581 108 287
129 580 123 291
129 580 126 293
129 580 127 294
128 580 127 294
128 579 128 294
128 580 128 295
129 579 128 293
129 580 129 293
127 579 129 294
128 579 130 294
126 579 129 295
130 579 130 294
129 579 130 294
129 579 130 294
130 579 130 294
128 579 131 296
130 579 130 294
128 579 130 293
128 579 130 294
127 580 130 295
128 580 130 293
129 580 130 293
129 580 130 293
130 579 130 293
127 579 131 295
128 579 131 295
129 580 132 295
135 573 177 298
135 578 151 299
135 578 143 293
129 579 140 293
129 580 137 291
0 640 0 400
127 580 140 285
131 582 132 287
131 582 132 284
134 581 132 285
130 582 132 286
145 573 173 289
144 577 153 280
135 581 130 280
133 582 128 281
133 582 127 280
132 582 126 281
131 582 128 282
134 582 122 280
132 582 115 278
132 583 109 277
129 584 104 275
129 584 95 273
129 584 91 276
129 584 92 277
129 584 92 272
131 584 92 271
128 584 92 275
129 584 93 275
128 584 92 274
126 584 91 275
165 562 194 276
133 583 102 275
129 583 94 277
129 583 89 275
130 583 87 274
132 583 83 272
135 583 82 270
129 583 81 276
131 584 82 272
131 583 82 273
164 561 173 260
137 580 102 276
135 582 88 272
133 583 85 271
132 583 84 272
135 583 83 269
133 583 83 269
133 580 86 272
136 581 89 273
137 581 92 275
139 580 94 275
139 580 97 277
139 580 97 277
139 578 94 275
136 578 94 277
136 579 95 277
164 569 172 277
154 572 139 280
141 575 108 281
142 577 103 276
143 577 102 275
141 577 100 275
139 578 100 276
170 570 198 278
145 577 118 279
145 578 120 281
143 578 122 283
141 577 128 287
140 574 133 288
141 577 133 290
140 576 129 289
141 579 130 289
140 578 130 288
141 577 130 290
141 577 130 290
140 578 130 289
142 579 131 289
141 578 132 291
139 578 132 290
141 577 133 291
140 578 141 295
136 578 146 297
141 577 155 299
141 577 166 300
140 575 174 301
132 575 176 302
132 575 177 301
126 576 178 300
133 574 179 303
128 575 181 303
123 575 183 302
117 575 183 304
119 575 185 305
120 575 186 304
115 575 189 306
113 575 191 308
124 574 194 308
123 573 198 307
131 573 200 307
137 573 200 307
129 573 202 308
136 573 203 307
137 573 204 308
136 573 204 308
135 572 204 309
136 572 204 309
124 572 204 310
134 572 204 309
140 572 205 308
144 572 202 301
136 574 196 303
128 574 192 305
125 575 189 303
119 576 185 299
112 575 181 300
115 576 181 299
119 576 180 299
121 576 180 298
117 576 180 298
112 576 180 300
122 575 180 298
120 572 193 303
140 572 198 300
113 576 181 301
