94 556 166 348
94 558 169 348
95 558 174 351
96 555 185 356
96 556 185 356
98 556 186 357
97 556 187 356
98 555 186 356
99 555 187 355
96 557 186 358
96 556 186 357
99 556 186 355
98 557 185 354
96 557 186 356
98 556 185 353
99 556 185 354
99 556 185 354
97 556 186 356
96 556 185 358
96 555 186 357
96 556 185 358
97 556 185 357
95 556 185 359
95 556 185 358
96 557 185 358
157 533 253 354
95 555 185 358
94 556 185 358
98 554 186 355
94 556 186 357
96 556 185 355
97 557 185 353
96 558 184 352
96 558 184 352
97 558 183 351
97 558 182 351
180 533 266 353
168 533 259 352
95 558 181 350
94 559 179 352
94 559 179 352
95 559 179 350
96 560 174 350
93 561 165 348
92 561 158 345
93 562 154 341
91 563 145 340
90 563 144 340
90 562 146 341
88 562 145 344
89 563 144 340
90 563 144 339
89 564 142 339
89 564 141 337
90 564 141 339
88 562 141 339
89 562 138 339
90 562 135 336
90 561 133 337
88 561 133 340
92 559 131 336
90 559 131 337
90 556 131 337
88 556 130 338
117 541 189 342
136 526 221 343
88 562 134 337
89 560 129 334
90 560 129 333
88 560 130 333
89 562 134 339
90 560 137 341
90 555 139 343
90 561 142 343
91 561 145 345
0 640 0 400
108 551 200 346
94 561 149 346
92 561 147 343
92 561 144 343
92 562 144 344
92 561 144 343
91 561 144 343
93 562 144 343
92 562 144 342
91 561 144 342
92 560 149 347
93 555 157 350
95 560 164 352
94 555 170 356
93 560 173 358
94 557 177 361
95 555 175 359
96 553 176 359
96 555 176 359
96 553 177 359
96 554 177 359
96 556 177 360
96 558 177 360
97 552 178 358
98 549 184 361
99 551 196 363
100 553 202 364
89 554 210 367
95 551 217 368
102 552 226 368
100 551 225 371
101 551 226 369
102 550 226 369
103 550 226 369
101 551 226 370
101 550 226 371
102 548 227 368
102 547 229 371
106 549 231 371
115 548 234 368
114 549 238 370
114 548 240 373
111 547 241 376
112 548 243 377
111 548 244 378
106 548 244 380
106 549 244 380
117 550 244 375
116 548 245 373
112 548 245 379
115 548 245 379
107 548 247 383
109 549 247 382
99 549 243 382
109 550 240 375
114 549 238 370
123 552 235 364
116 552 232 363
114 552 232 364
113 552 232 365
112 552 232 367
112 553 232 365
112 552 232 365
114 552 232 365
112 552 232 365
115 552 232 363
111 552 232 365
