195 568 177 309
240 557 237 309
218 563 220 306
196 564 197 307
195 565 189 307
198 567 177 308
195 568 168 307
190 570 160 305
189 569 155 304
187 570 154 305
190 570 155 305
191 570 156 305
191 570 156 306
190 569 157 306
190 568 161 306
190 569 164 307
192 568 159 305
186 569 150 303
186 571 149 303
187 569 150 304
190 571 154 305
189 568 157 305
189 568 159 305
190 571 156 304
187 571 145 303
270 549 253 312
195 570 154 301
191 572 149 303
192 566 145 300
192 557 146 300
194 562 147 299
193 569 146 299
190 566 144 299
191 563 144 299
190 564 144 299
192 564 145 299
189 566 145 300
188 562 144 300
191 562 145 300
190 564 144 300
189 564 144 300
190 568 141 297
189 561 129 293
185 560 121 289
186 560 116 286
186 559 112 285
187 560 110 284
184 558 109 284
185 556 109 284
185 558 110 285
185 561 110 285
186 561 113 285
187 560 110 285
185 560 110 285
184 556 112 285
185 559 117 287
182 561 116 287
181 569 113 287
183 572 110 286
187 572 106 285
184 569 101 283
185 568 97 282
183 571 97 281
200 574 120 271
198 569 126 278
190 571 95 275
188 569 94 275
186 573 95 275
187 570 95 276
189 571 96 276
189 573 97 276
188 573 98 276
190 570 100 277
191 566 110 283
191 569 111 283
191 565 114 285
192 566 118 287
191 566 120 288
190 565 118 287
193 566 120 286
197 566 138 287
191 566 118 284
188 568 118 285
188 565 118 285
187 569 118 285
188 567 119 285
189 569 120 285
194 566 138 293
192 564 138 294
194 564 144 297
194 564 152 301
192 564 156 304
194 565 158 304
195 567 157 303
194 565 156 303
193 568 155 303
192 565 153 303
194 565 154 303
192 564 154 303
193 563 155 304
194 564 156 304
194 561 158 305
194 561 163 306
195 556 172 311
197 556 178 314
195 559 184 319
197 561 192 324
201 557 198 328
200 559 199 328
200 561 199 328
199 556 200 327
199 553 203 327
198 559 205 327
197 562 197 326
198 556 199 329
198 558 203 328
196 557 207 330
199 556 207 329
197 564 204 330
196 561 204 333
195 561 207 335
198 559 207 335
198 564 208 337
194 564 208 337
195 558 206 337
197 554 196 335
196 562 182 334
194 561 184 335
194 560 191 335
196 558 195 335
196 561 200 333
196 562 194 325
195 563 195 326
196 553 195 324
191 559 192 321
197 555 187 317
190 558 190 319
196 558 195 321
196 561 198 321
194 562 196 319
192 561 196 317
227 566 223 307
0 640 0 400
