195 584 125 259
194 584 121 255
197 584 121 257
195 585 120 259
195 585 121 259
194 584 125 261
194 584 127 261
195 584 128 261
193 584 130 261
195 583 132 261
194 583 132 260
205 580 160 261
194 580 158 264
195 582 143 263
193 582 141 264
192 582 141 264
194 582 140 264
194 582 137 263
191 583 137 263
189 582 139 262
190 582 140 259
193 582 144 261
194 582 140 258
192 583 136 254
192 583 134 254
192 583 134 254
192 583 134 255
193 583 137 259
194 584 134 261
196 584 134 262
196 585 132 261
195 585 130 260
194 585 133 261
196 585 130 257
195 585 129 259
193 584 132 262
194 584 133 264
195 584 133 264
195 583 133 264
194 584 132 263
196 583 132 265
193 584 121 257
196 586 112 256
196 588 100 253
197 590 94 251
198 585 117 253
196 589 89 244
199 592 81 243
195 592 83 243
199 591 83 243
197 592 82 242
197 592 83 243
200 590 82 241
199 585 122 245
196 586 92 239
198 588 73 233
200 588 62 229
199 587 85 240
201 587 86 235
199 587 81 230
199 588 80 230
199 588 80 231
196 588 80 232
197 588 80 232
198 585 88 234
198 585 89 236
199 584 97 237
224 574 149 242
203 582 114 240
195 585 94 239
196 585 92 238
194 585 96 238
216 567 175 245
195 583 115 242
193 583 112 241
192 584 111 240
192 584 108 239
192 585 107 239
193 584 106 239
193 585 104 239
191 585 104 237
193 586 104 237
194 586 102 236
192 586 102 237
192 586 104 237
192 586 111 240
208 578 166 248
191 582 142 248
191 581 147 251
191 582 146 249
191 581 149 251
189 582 144 249
192 582 144 249
195 581 142 252
194 582 140 253
190 582 144 249
190 582 144 249
193 582 142 251
193 582 135 251
190 582 142 250
189 580 157 261
187 580 155 268
188 579 160 273
191 578 174 277
171 576 188 282
172 576 186 280
174 577 188 280
178 577 190 278
177 576 190 279
179 577 187 280
168 577 184 280
173 577 185 281
173 577 182 278
173 576 186 281
183 576 187 284
220 568 244 299
196 576 195 300
196 576 194 303
199 575 196 304
203 576 197 305
199 575 197 305
199 576 198 304
200 575 200 303
202 575 201 303
202 575 201 302
202 574 204 306
200 575 201 305
202 575 201 305
203 575 201 290
199 576 193 281
202 576 193 283
200 576 193 285
201 576 192 285
200 576 190 286
199 576 185 286
198 577 183 286
197 577 185 286
200 577 185 286
197 577 184 284
200 577 185 285
200 577 186 286
198 577 185 286
197 577 184 285
