69 516 127 285
75 514 125 283
53 512 136 292
52 510 141 296
69 514 140 294
61 513 140 294
30 517 168 293
63 513 141 293
59 510 138 291
71 513 136 290
59 513 139 292
57 511 140 293
54 512 139 292
59 513 138 291
54 514 138 291
59 513 139 292
111 523 188 284
66 514 140 289
69 515 139 289
66 516 140 291
72 515 140 291
70 515 140 291
71 515 139 291
66 515 140 291
72 515 140 291
120 517 173 282
110 519 189 289
73 516 141 289
74 515 140 290
62 514 138 289
62 514 137 289
67 514 136 289
70 515 134 288
70 515 133 288
61 515 132 288
63 515 132 287
64 515 133 288
66 514 133 288
60 515 133 288
59 514 132 288
66 514 132 287
63 515 133 288
58 515 129 285
63 514 119 279
64 512 114 276
57 511 107 271
71 515 117 269
60 510 97 266
62 510 98 266
53 510 97 266
56 510 96 266
42 510 95 266
53 510 94 266
60 510 96 267
52 510 95 265
51 509 95 265
56 510 95 266
59 509 94 265
56 510 92 264
57 511 110 265
40 509 94 264
58 508 90 262
53 509 89 262
57 507 88 262
53 507 88 262
70 506 109 264
64 507 90 262
62 507 88 262
55 507 88 261
68 507 101 263
64 507 89 261
63 507 88 262
56 506 88 262
33 507 92 263
35 505 93 264
25 506 96 266
35 505 98 267
51 510 125 265
38 507 109 269
37 507 106 269
25 506 104 269
53 507 104 269
36 507 104 269
49 507 104 269
51 507 120 269
36 506 107 269
32 507 107 269
34 503 107 269
37 508 115 276
27 507 121 280
34 509 130 284
40 509 134 288
39 510 138 291
38 510 144 290
69 512 173 290
71 515 176 290
65 513 176 289
40 510 148 291
45 509 145 290
39 509 144 291
38 509 144 291
36 509 143 291
38 509 148 296
42 510 155 301
52 509 159 305
54 511 164 308
53 510 168 310
62 509 172 313
56 511 173 313
54 511 175 313
52 511 176 313
51 511 176 314
52 512 176 314
53 511 177 315
53 511 179 316
43 511 180 317
51 512 181 318
40 513 183 320
56 515 185 321
50 515 187 321
53 515 189 323
48 516 189 323
46 517 190 323
46 516 190 323
55 516 191 323
53 515 191 324
50 515 192 324
59 515 192 324
53 514 193 324
73 515 192 322
61 515 188 317
66 516 185 315
65 515 182 313
72 517 179 311
73 517 177 311
70 516 181 310
78 517 181 311
69 518 179 311
70 517 177 311
60 517 176 310
71 518 177 310
71 518 175 309
59 518 173 308
47 518 172 308
