94 559 204 370
94 560 202 368
94 560 204 369
94 559 212 374
95 560 211 372
95 560 212 373
96 561 213 374
95 561 213 374
95 560 213 374
94 561 213 374
96 561 213 372
97 561 213 371
97 561 213 371
98 562 214 369
98 561 214 369
98 561 215 370
97 562 215 372
98 561 215 372
96 561 215 372
96 561 215 374
97 561 215 373
96 561 215 373
97 560 215 373
96 561 215 374
96 561 215 374
96 560 215 374
97 560 215 373
99 562 215 370
100 563 214 369
100 563 213 369
100 564 213 368
100 564 213 367
100 564 214 366
102 564 215 365
101 564 215 366
100 564 215 366
100 564 215 367
100 564 215 368
100 564 215 368
100 564 215 368
100 564 215 368
102 565 207 364
100 566 201 363
99 567 191 357
98 568 187 357
96 568 180 354
96 567 177 353
95 568 178 353
95 567 178 353
95 567 178 353
95 567 178 353
95 568 178 353
94 567 177 353
94 567 178 353
94 567 177 353
96 568 173 350
94 566 171 348
94 565 169 347
95 567 165 344
95 567 164 343
95 566 163 342
94 565 162 342
95 566 163 342
94 565 163 344
95 565 163 343
94 566 163 344
93 565 163 345
93 565 163 344
94 565 162 343
93 563 165 346
92 563 167 346
92 564 169 348
90 562 170 350
91 561 173 351
91 561 173 351
90 563 173 351
92 563 177 353
112 553 218 363
95 561 185 357
94 560 184 358
94 561 183 358
93 560 180 356
91 560 179 357
91 560 179 357
91 559 182 358
90 558 188 364
88 557 193 368
86 558 201 374
86 557 208 378
85 556 211 381
85 554 211 381
85 554 211 382
85 555 212 381
85 555 212 383
85 556 213 385
85 553 214 385
84 555 214 386
85 553 216 389
87 555 221 391
89 553 228 396
91 554 234 398
93 555 239 398
94 555 245 398
96 554 246 398
95 555 247 398
96 553 249 398
95 553 249 398
96 553 250 398
96 554 250 398
96 553 250 398
96 553 252 398
97 550 252 398
97 551 253 398
102 554 257 398
108 549 259 398
113 552 260 398
117 554 263 398
120 554 265 398
119 551 266 395
118 553 266 395
121 553 267 395
125 552 267 395
125 552 268 397
124 552 268 397
124 553 268 396
125 553 269 395
126 551 269 395
124 552 269 395
122 553 266 393
120 556 265 392
120 556 262 389
118 556 260 387
120 555 258 386
122 556 258 385
123 556 258 384
119 555 258 386
118 556 258 386
120 556 258 386
118 556 259 387
119 557 259 386
118 556 259 388
117 556 259 389
117 556 259 389
