78 492 176 338
81 493 174 333
76 492 173 337
76 492 178 342
78 492 179 343
78 492 167 336
78 493 150 336
78 492 167 338
76 493 168 340
76 492 180 342
76 492 181 343
77 493 170 340
77 493 170 339
76 492 173 341
137 482 257 347
78 492 178 340
74 491 178 341
77 492 178 340
78 492 179 340
76 492 178 341
78 492 179 340
76 492 179 340
76 493 178 340
75 493 168 339
76 492 168 337
78 491 177 339
76 492 179 339
78 491 180 338
77 491 181 337
76 491 175 336
84 494 157 327
83 493 153 327
83 491 153 324
84 492 153 326
84 493 154 326
82 491 153 328
83 492 154 327
82 494 155 327
82 493 154 327
81 493 155 327
83 492 155 326
84 494 155 328
82 494 157 328
83 493 157 328
81 493 158 329
81 493 165 329
84 492 146 319
84 488 140 317
84 489 138 316
85 488 135 312
108 491 174 323
83 489 144 321
88 490 142 316
82 486 134 316
86 486 131 310
84 488 128 309
84 487 128 309
82 487 129 311
79 487 129 312
82 487 129 311
81 489 130 311
79 488 129 312
83 489 127 308
82 487 129 314
82 487 130 312
95 487 162 318
86 487 150 320
88 487 148 318
88 488 148 318
90 487 144 316
122 489 198 307
89 490 145 319
91 489 143 316
89 489 143 316
92 488 141 315
84 489 140 318
86 488 142 317
85 488 142 321
82 488 140 323
82 488 143 326
79 489 144 327
81 487 143 325
82 489 141 323
83 489 140 323
84 489 140 321
80 487 141 324
85 489 141 319
84 488 142 318
84 489 144 322
83 487 141 323
79 488 142 323
81 488 147 327
81 487 163 329
78 486 166 333
80 485 168 334
78 485 169 339
75 485 143 337
76 485 152 337
76 486 145 338
76 486 167 340
116 490 237 325
94 489 204 340
84 486 181 337
82 488 180 339
87 488 185 337
88 488 188 336
83 489 194 342
96 488 210 342
109 490 221 342
110 489 225 349
109 490 229 358
102 493 234 363
108 492 237 366
121 489 238 363
124 490 239 369
126 490 239 365
123 491 239 367
130 490 241 365
129 490 241 366
99 489 244 366
132 492 246 367
104 491 245 365
112 491 246 365
105 489 246 371
118 491 250 372
117 491 251 372
120 493 253 374
117 494 253 374
118 494 254 374
120 494 254 373
119 493 254 375
124 493 254 374
123 494 254 373
120 494 254 373
121 495 255 373
118 494 255 374
119 494 255 375
119 495 255 374
123 494 256 373
128 493 255 374
107 493 243 365
89 490 224 355
84 492 209 347
80 490 213 335
79 490 212 346
84 492 217 346
83 492 214 349
79 493 214 349
70 493 202 349
71 491 202 349
73 492 204 348
75 493 205 349
77 492 209 349
80 491 212 348
82 491 216 349
