122 587 173 322
120 590 166 318
121 589 164 317
119 589 158 313
120 589 158 312
120 588 158 312
120 588 158 312
121 589 157 310
119 589 157 309
121 589 157 308
120 589 156 305
118 589 156 306
117 589 153 306
120 589 153 305
120 589 153 305
117 589 153 305
118 589 154 305
118 589 153 305
120 589 152 305
118 589 152 305
117 590 152 305
119 590 152 305
118 589 152 305
119 589 151 304
118 590 149 304
119 591 149 304
116 590 149 303
123 588 171 307
120 590 155 302
119 591 150 296
120 592 150 294
119 592 150 297
120 592 150 294
119 592 150 294
118 593 148 293
118 592 150 297
115 592 154 301
121 590 156 303
116 591 153 302
118 592 151 300
117 592 149 299
116 592 149 299
119 593 146 297
115 593 140 295
117 591 138 297
118 590 136 303
116 589 137 307
115 590 130 303
111 592 125 302
114 592 129 303
114 592 126 301
108 593 124 301
110 592 122 299
109 593 119 297
106 593 117 296
108 593 116 293
108 593 115 293
109 593 113 292
109 593 110 293
122 589 132 297
116 591 113 292
116 591 112 292
114 592 114 293
115 591 112 290
111 591 110 293
117 591 110 291
113 590 109 292
114 591 109 291
113 590 108 292
111 591 108 292
112 590 108 291
108 590 108 291
108 589 109 291
112 589 112 289
110 589 113 291
110 590 116 293
114 589 118 294
113 585 117 292
114 589 117 293
112 589 117 292
110 590 117 293
138 586 151 283
120 588 144 300
116 589 124 294
115 590 123 293
116 589 122 292
117 588 127 293
117 590 129 294
118 589 134 294
116 589 137 295
114 589 142 298
114 589 145 299
114 589 146 299
115 589 147 298
112 589 147 300
113 589 147 299
115 588 148 298
112 589 148 298
113 589 148 298
112 589 148 298
114 588 151 300
116 587 156 304
116 587 162 308
115 586 167 312
114 583 171 314
116 586 174 315
116 585 177 314
114 585 179 310
117 587 186 304
114 587 185 304
161 587 221 296
133 582 197 298
128 579 189 294
129 577 191 295
128 578 192 296
120 586 191 307
117 586 192 315
110 586 193 320
115 586 195 325
121 585 197 324
124 585 200 326
130 582 200 326
125 583 200 328
128 583 200 328
121 585 191 322
121 581 196 329
117 582 195 329
118 580 196 331
123 580 196 329
128 580 194 327
122 584 192 324
121 580 189 321
120 583 186 319
119 577 182 317
116 576 181 317
118 577 181 317
118 582 180 317
116 583 179 317
111 588 176 313
117 576 179 317
116 584 178 316
118 577 179 317
117 581 180 317
