124 588 158 315
124 589 158 315
123 589 158 315
126 590 154 314
123 590 155 313
125 589 154 313
0 640 0 400
125 589 159 313
128 590 154 310
125 590 154 310
127 590 153 311
127 590 154 311
127 590 153 312
126 589 153 313
126 588 153 313
126 590 152 312
127 591 153 313
125 591 152 313
126 590 152 312
126 591 151 312
136 586 157 306
224 578 244 309
124 590 159 313
126 591 154 311
128 591 152 311
126 591 150 310
127 591 151 311
125 591 150 311
127 592 150 310
127 592 150 309
128 592 149 308
124 592 149 306
126 591 148 308
118 592 146 308
124 592 146 308
124 592 147 309
122 592 146 309
138 587 177 310
123 592 149 308
128 592 146 307
124 593 144 307
124 593 144 308
126 593 142 305
125 594 133 301
125 596 125 298
124 596 120 297
123 597 114 293
119 597 109 292
120 598 107 289
115 598 103 287
115 598 101 287
165 588 186 289
128 595 139 290
118 598 104 285
114 598 102 280
115 598 100 281
214 582 210 280
117 597 105 283
109 597 101 285
114 595 96 282
114 595 94 282
114 594 93 283
113 594 93 283
112 594 94 283
111 595 93 282
112 595 93 281
112 595 93 281
124 594 113 284
113 595 96 281
114 594 89 281
113 595 89 282
113 594 90 283
115 596 90 279
114 595 88 279
114 594 92 282
114 592 94 284
121 595 111 279
122 594 113 285
122 594 109 284
122 594 109 285
122 593 108 285
121 594 109 284
117 593 105 281
117 594 104 279
118 593 104 277
118 588 100 264
120 591 100 259
117 592 98 254
119 593 102 251
122 595 106 251
117 592 124 260
116 590 127 259
117 588 130 260
115 590 132 261
120 591 131 261
113 589 133 264
109 589 133 264
107 589 134 266
114 588 133 264
121 591 132 262
167 591 182 270
119 587 142 270
111 591 143 273
109 590 145 274
112 591 151 278
121 589 156 282
115 588 166 290
118 589 169 292
123 589 169 290
120 591 170 290
121 590 171 292
122 591 173 296
120 591 174 297
117 589 174 304
117 587 176 312
119 587 177 316
122 584 176 315
116 587 178 317
115 584 180 320
118 583 182 322
124 584 182 321
119 579 183 320
121 580 185 325
119 587 186 325
129 585 186 325
124 587 185 325
128 580 185 322
130 579 185 321
130 581 185 322
127 586 185 324
125 584 185 324
129 580 181 321
120 583 178 319
119 584 177 319
125 588 174 316
121 585 173 316
126 587 173 316
125 584 173 317
218 580 241 312
132 583 179 315
125 583 173 313
126 582 172 314
122 584 173 315
