185 555 216 342
187 555 212 340
187 556 211 339
186 556 216 346
188 556 219 346
185 555 219 348
188 554 219 347
186 554 219 347
188 554 221 348
186 553 223 350
186 553 222 348
186 554 222 348
185 554 222 348
186 554 222 350
186 554 221 346
185 554 220 346
187 554 223 349
185 554 220 347
186 555 220 347
186 554 221 348
185 553 222 348
227 530 276 357
190 554 222 350
187 554 220 350
189 554 220 349
186 554 220 349
187 554 221 348
184 554 220 348
187 554 220 347
184 554 219 346
191 554 223 347
195 553 224 345
193 554 224 344
193 554 221 345
194 554 222 346
191 554 222 346
194 554 223 347
193 553 224 347
193 553 223 347
193 553 224 347
193 554 223 347
192 553 223 347
190 553 221 346
191 553 221 345
193 553 212 325
187 555 198 321
194 553 209 321
186 558 187 317
187 559 182 312
187 558 182 314
187 558 182 313
187 558 183 314
187 558 184 315
187 557 184 315
187 558 184 315
187 558 183 313
188 558 182 311
188 558 183 314
195 555 191 313
198 550 203 313
188 556 187 311
185 559 181 309
187 559 179 308
184 559 178 308
181 560 174 305
185 559 174 306
183 559 175 306
183 559 175 305
182 559 174 304
183 559 175 306
182 560 174 304
185 560 174 303
186 559 173 303
185 560 173 303
0 640 0 400
186 557 183 306
184 558 183 307
183 558 184 309
178 557 185 310
177 558 188 313
172 557 191 316
171 557 191 316
178 557 191 315
172 558 191 316
175 557 189 315
169 558 192 318
173 558 191 317
169 558 191 317
172 558 191 317
180 554 219 329
180 555 213 327
179 556 216 333
177 554 219 339
177 554 224 349
175 553 226 346
178 551 231 348
172 552 234 344
185 546 239 333
200 546 235 317
195 540 239 325
196 539 240 323
197 539 241 323
194 545 242 328
196 544 243 331
200 543 244 332
156 512 286 363
192 543 256 346
188 543 259 347
159 544 265 356
160 543 273 357
160 544 273 359
162 545 273 358
153 542 273 362
151 543 274 362
155 540 277 364
158 539 279 363
164 542 274 359
162 543 273 360
153 541 275 365
153 540 279 368
158 540 282 368
170 539 288 365
172 539 288 364
170 539 291 365
175 540 293 366
167 538 296 371
176 538 297 370
172 538 296 368
162 539 295 369
159 540 296 371
160 539 296 370
160 538 295 370
172 539 295 368
169 539 295 369
162 539 295 369
171 539 294 367
152 539 295 372
209 543 282 351
201 544 279 352
197 541 280 355
196 541 281 356
199 542 280 356
163 540 289 368
191 541 286 359
194 541 289 352
215 544 276 349
229 545 272 348
205 542 280 354
199 542 279 355
193 542 279 355
197 542 280 355
194 542 280 355
192 542 278 355
189 542 279 355
200 542 279 355
