136 578 116 286
135 577 123 289
139 580 103 272
140 582 96 269
140 581 92 265
126 581 90 268
134 583 91 265
134 582 89 267
127 583 89 269
136 585 88 267
135 585 86 267
135 585 86 267
136 584 87 267
139 584 83 264
136 583 83 264
276 525 188 267
136 580 108 270
134 582 101 270
133 582 98 269
138 580 96 268
137 582 94 267
138 581 94 268
142 582 93 267
128 584 92 265
140 584 91 264
140 585 88 259
138 585 88 259
138 592 88 260
136 586 87 259
5 586 86 313
73 589 86 262
70 591 85 263
132 589 84 260
69 589 84 263
4 589 84 308
132 589 83 262
126 589 82 261
135 589 81 261
137 591 80 260
64 592 80 263
54 593 74 272
139 593 63 249
140 593 54 245
141 591 50 244
139 590 46 243
136 589 40 240
139 589 40 239
138 589 41 237
139 589 41 237
136 589 41 239
138 590 40 241
136 590 41 241
138 589 41 242
137 590 44 243
136 586 39 242
136 586 40 243
139 586 39 242
133 585 37 243
148 586 42 234
148 585 39 231
150 584 40 231
149 585 40 231
148 586 38 230
148 585 37 231
147 585 36 232
145 587 34 232
144 586 34 231
141 585 35 235
139 585 35 236
139 584 39 239
138 582 42 243
137 581 44 245
137 580 45 245
133 578 46 247
134 578 48 248
134 580 47 247
136 579 47 245
135 581 49 246
139 581 48 245
140 580 47 245
140 580 48 245
142 580 47 245
141 580 46 247
141 581 48 242
135 582 55 245
153 577 84 255
92 578 84 259
140 578 85 259
4 576 88 315
3 577 87 314
3 577 87 314
87 576 87 262
85 576 87 263
85 575 87 263
89 571 88 265
130 576 86 265
136 577 86 264
138 576 86 265
2 576 87 312
3 570 88 313
3 576 100 314
134 576 104 277
126 578 107 279
97 582 113 281
133 577 116 284
134 578 117 287
102 578 117 288
118 579 117 288
122 577 117 288
123 577 117 288
122 578 116 289
110 577 116 289
140 576 124 290
125 577 135 295
131 577 139 294
134 578 142 298
143 576 145 298
142 576 147 297
148 573 148 298
150 575 148 297
151 575 149 298
150 578 149 298
150 576 149 298
151 576 149 298
146 576 148 298
149 576 149 298
150 577 149 299
151 576 148 299
149 576 146 293
148 578 143 292
155 580 139 291
152 579 136 291
146 580 132 289
153 580 132 288
153 580 131 287
145 578 131 289
144 580 130 289
141 580 130 290
142 580 130 289
138 581 130 292
135 581 130 294
140 581 129 291
137 580 129 294
