149 577 97 269
150 576 97 268
154 575 124 282
152 577 103 269
153 578 102 262
154 577 101 262
153 577 100 265
152 577 100 266
164 575 115 261
156 575 118 268
154 577 110 267
153 577 107 268
153 577 105 267
152 577 105 268
152 576 104 267
152 576 103 267
152 578 102 267
152 577 102 267
158 578 126 268
155 580 113 265
155 578 112 263
154 579 109 263
152 578 106 265
152 577 104 265
199 558 167 273
161 577 128 265
155 578 112 262
156 579 108 257
157 580 106 255
155 580 106 256
154 579 105 258
156 579 104 257
155 579 104 258
155 579 101 259
154 580 100 259
153 579 100 259
154 578 100 260
153 580 98 260
154 579 96 260
153 577 96 259
153 578 95 258
151 579 96 257
151 579 96 254
152 578 89 250
238 554 185 264
151 576 94 242
149 574 78 239
148 576 70 238
147 576 70 239
146 576 70 239
201 548 164 267
148 574 82 245
147 576 75 245
147 576 74 245
145 577 71 244
145 579 69 244
145 577 68 245
146 576 65 245
145 580 62 245
145 578 60 244
145 579 58 244
146 580 54 243
145 580 53 243
146 579 53 243
150 579 71 244
146 580 59 244
147 580 56 243
146 580 55 243
145 580 54 242
145 579 54 241
147 579 64 245
148 573 71 247
148 578 68 240
147 574 67 241
145 572 69 247
145 571 69 247
147 573 69 247
146 573 68 248
231 558 168 231
212 557 154 229
149 573 80 243
148 574 73 244
147 573 71 244
147 576 69 245
148 575 71 245
145 579 79 251
146 571 85 254
147 579 87 256
146 578 91 259
147 572 97 263
147 573 98 264
147 574 98 263
146 574 98 264
155 572 107 263
178 564 153 268
164 573 138 269
148 575 113 268
146 575 109 268
147 575 109 268
147 575 108 267
146 575 108 268
148 572 113 269
150 575 118 270
152 574 124 273
153 574 132 278
155 574 135 281
154 571 140 284
153 571 140 284
154 570 140 284
153 572 140 284
166 572 168 284
158 573 154 285
158 574 154 285
157 572 150 285
156 573 149 285
154 575 149 285
157 575 150 286
157 573 150 287
159 576 152 289
160 576 154 289
160 577 155 290
162 577 157 290
162 576 157 290
161 576 158 291
162 576 158 291
162 576 158 291
161 576 157 291
159 577 157 291
162 576 158 291
162 575 158 291
166 578 158 288
165 577 152 285
164 578 149 283
163 577 147 281
162 578 145 280
161 579 144 280
160 579 144 281
161 577 148 281
183 576 174 284
165 576 148 281
159 578 144 281
157 578 142 280
206 571 195 278
164 577 152 280
