105 572 163 340
107 570 166 342
105 571 163 340
105 571 164 340
115 570 189 345
110 573 174 341
104 576 161 336
106 570 164 340
105 569 165 341
130 558 221 345
109 569 177 343
109 573 171 339
105 569 172 343
105 569 169 343
107 568 174 343
112 569 192 347
111 568 179 344
110 568 176 343
110 569 175 342
110 569 176 342
108 569 174 341
122 568 202 345
146 547 242 344
114 570 193 344
108 569 182 346
108 569 177 343
108 571 173 341
108 573 172 341
106 573 172 340
106 575 170 339
106 575 169 338
106 575 168 339
106 576 166 337
105 575 169 339
105 576 167 339
105 576 167 338
106 576 166 337
105 576 166 337
105 576 166 337
106 576 166 337
105 576 164 337
106 576 163 336
106 576 155 333
105 577 151 332
104 577 146 331
104 578 141 329
104 578 134 327
104 578 132 326
102 578 132 326
102 578 132 325
103 578 132 325
104 578 131 325
104 579 131 324
103 578 130 323
103 578 131 324
103 578 131 324
103 578 131 324
103 579 130 324
104 578 128 325
104 578 128 326
103 577 127 325
101 576 125 325
102 577 126 326
102 576 126 326
103 577 124 325
104 578 124 325
104 577 124 325
104 578 125 325
106 577 125 324
103 576 124 325
104 576 125 325
124 563 186 332
105 572 137 331
107 571 137 330
105 571 138 333
103 571 139 332
104 570 140 333
104 571 139 332
102 572 138 332
103 572 138 332
103 572 138 332
103 572 138 332
103 572 138 332
103 573 138 332
103 571 139 332
104 569 143 333
110 568 163 339
107 570 158 337
107 569 161 338
108 568 164 340
108 568 169 340
108 570 168 340
108 569 165 340
107 569 166 340
134 552 227 347
146 550 244 345
111 568 180 345
109 569 179 346
109 568 176 344
108 568 177 345
108 567 180 346
108 570 182 346
108 569 185 347
109 569 188 348
109 567 192 348
110 568 193 347
111 568 193 348
111 568 192 347
110 569 193 348
110 568 191 346
110 569 192 347
110 568 191 347
112 568 192 346
111 567 191 345
111 572 192 344
113 568 196 344
147 559 234 342
122 568 215 346
121 569 214 346
123 569 213 344
122 569 213 345
122 569 213 345
121 569 212 345
123 569 213 343
122 570 212 343
122 569 214 343
124 569 214 343
124 569 215 343
122 569 213 344
118 571 210 344
115 572 204 344
113 572 202 342
112 574 197 340
110 573 195 341
107 574 194 341
108 574 194 341
117 573 205 343
162 553 242 333
132 569 220 339
109 572 197 342
108 572 195 341
108 572 194 342
105 573 191 340
