197 584 125 250
196 584 127 251
196 584 127 249
197 585 126 248
239 576 189 246
200 585 128 244
200 584 132 248
199 584 133 250
0 640 0 400
196 583 138 251
193 584 122 247
195 586 120 247
195 585 125 250
195 585 128 250
201 580 159 253
193 584 130 252
194 584 125 253
194 584 129 249
194 584 117 250
196 586 114 252
197 586 114 251
197 586 115 251
204 579 171 252
192 586 118 248
196 586 115 249
195 586 116 250
192 586 116 250
200 588 114 248
198 588 113 248
231 577 194 250
194 588 115 247
193 589 112 246
196 589 109 246
196 589 108 246
193 589 108 245
194 588 110 246
195 590 111 245
195 588 112 241
194 588 107 241
195 589 108 244
195 589 104 244
198 588 90 239
214 583 156 241
196 589 79 233
195 591 66 229
197 590 59 225
234 584 149 231
197 591 74 229
197 591 60 226
194 591 58 226
195 591 59 226
194 592 61 227
193 592 60 227
195 590 60 226
194 589 60 224
236 578 172 230
193 591 65 225
194 591 55 220
196 591 52 219
230 583 157 227
195 590 60 219
196 590 52 217
196 591 52 218
196 590 52 217
195 590 58 221
193 590 55 217
193 590 58 221
197 590 60 219
195 590 60 217
195 590 63 219
196 590 67 219
193 590 72 222
192 590 76 221
205 569 172 217
192 590 89 224
190 589 85 223
189 590 81 223
190 590 78 223
190 590 77 225
189 590 80 225
195 589 87 229
195 589 87 228
191 589 88 225
191 589 89 225
194 589 96 226
190 588 101 228
188 588 105 228
189 588 110 230
203 583 144 235
201 584 145 237
194 585 129 238
192 585 128 238
194 585 130 238
189 580 175 242
196 582 165 239
192 585 130 238
195 586 121 240
197 586 121 237
191 586 125 239
193 586 129 243
194 584 133 246
192 584 146 267
192 583 150 272
193 582 160 280
191 581 163 284
195 582 165 283
193 581 165 283
193 580 165 283
193 573 217 286
183 575 213 286
194 580 173 284
194 580 169 284
196 580 170 284
194 580 171 284
192 580 170 284
197 580 172 285
193 579 177 289
198 579 177 290
199 580 179 292
202 579 182 288
202 579 183 287
199 579 183 286
193 579 182 285
194 579 182 285
195 579 182 285
197 579 184 285
187 579 184 285
194 579 185 285
186 579 185 284
203 580 181 279
205 580 177 276
203 582 173 276
206 582 171 275
204 582 168 275
205 583 167 270
205 583 167 272
207 582 168 272
207 583 166 276
204 582 167 274
202 582 167 265
207 582 166 263
208 583 165 262
205 582 168 265
207 583 166 273
