128 557 152 309
120 555 149 307
126 556 149 307
125 556 155 309
120 549 155 309
127 554 158 311
127 558 158 311
124 558 158 311
126 558 159 312
123 553 158 311
127 557 157 311
130 554 157 310
129 557 151 308
125 554 152 308
143 543 193 317
132 556 164 311
128 555 160 310
130 555 158 311
127 557 157 310
130 557 157 310
0 640 0 400
137 550 175 315
132 553 163 312
131 552 163 311
128 554 162 311
149 541 184 311
137 551 165 306
131 552 157 305
130 561 159 303
127 562 156 301
132 564 154 301
132 564 155 299
129 564 154 299
127 564 153 300
130 564 152 299
129 564 151 299
123 563 153 301
125 564 151 300
123 564 151 301
119 563 150 300
144 561 172 303
124 560 179 308
123 564 145 298
120 567 129 293
116 566 122 287
117 566 117 285
118 566 115 284
116 566 114 283
116 567 114 284
117 566 115 284
117 566 116 286
175 544 212 302
130 556 149 295
129 558 146 293
116 564 126 289
116 566 121 286
118 566 119 285
118 566 117 284
118 561 113 283
119 555 111 282
120 557 110 283
127 548 127 287
128 552 129 284
126 550 122 287
122 556 111 281
122 553 109 280
123 557 108 281
128 558 114 276
0 640 0 400
128 553 122 283
120 559 113 281
120 555 113 283
120 552 118 283
123 553 129 293
122 551 127 289
120 551 126 287
117 554 127 288
122 550 124 287
121 552 124 288
115 553 124 287
118 549 124 287
121 548 124 287
120 551 124 290
120 551 124 289
119 548 125 290
112 549 128 295
107 549 172 317
109 551 176 318
100 547 158 311
100 550 153 310
106 548 157 313
115 544 156 313
104 544 155 313
118 547 154 312
0 640 0 400
140 525 203 330
112 545 168 318
117 542 168 317
104 544 163 314
97 545 162 315
105 543 164 315
132 549 198 332
131 549 200 334
129 549 202 336
131 551 198 335
129 547 200 336
130 549 200 335
128 547 199 337
129 545 200 337
129 547 201 338
124 550 201 339
129 547 201 335
129 546 200 337
128 548 199 336
128 549 200 338
179 499 247 339
172 544 233 341
175 547 224 340
171 549 224 341
153 548 228 341
173 549 227 340
169 550 226 339
163 550 225 339
162 547 223 339
161 548 225 339
239 518 273 337
190 544 245 338
182 546 234 338
181 546 233 338
184 546 226 331
177 546 220 328
152 551 213 326
148 553 206 324
135 556 201 322
132 556 201 323
129 556 200 322
132 556 200 324
134 556 201 325
135 556 201 325
137 556 204 326
136 556 203 326
135 556 204 326
134 555 204 326
134 555 204 326
