0 640 0 400
196 574 169 316
193 574 169 323
194 574 172 325
193 574 171 325
194 573 169 324
192 574 169 325
193 573 169 325
276 521 267 329
202 570 185 326
211 565 218 329
201 571 182 326
198 571 179 325
196 571 176 325
194 573 169 323
196 570 173 322
206 566 207 329
207 568 194 327
220 562 238 332
202 568 198 329
202 569 193 329
200 570 185 328
198 571 181 328
196 571 175 325
0 640 0 400
215 562 228 331
202 570 188 328
200 572 185 325
200 573 182 324
200 574 182 323
200 574 180 321
199 575 178 319
200 576 175 320
198 576 173 319
0 640 0 400
202 572 186 321
201 574 178 321
200 575 177 321
221 568 196 316
204 572 195 322
197 576 163 313
193 578 151 309
187 578 144 306
191 578 138 303
188 579 132 300
191 580 132 299
191 580 131 299
190 580 131 300
184 579 133 301
184 579 134 301
221 566 213 315
195 578 143 304
188 578 140 303
236 549 207 312
196 577 150 305
190 578 138 302
192 578 133 301
192 578 133 301
206 570 181 313
194 576 139 304
190 577 133 301
191 577 131 301
211 572 157 295
240 544 237 312
195 577 141 304
192 578 131 301
188 578 128 300
185 579 127 299
185 578 127 300
0 640 0 400
198 572 154 309
193 575 145 309
191 574 144 312
190 576 145 313
187 577 145 314
188 574 144 313
185 573 144 313
187 576 142 313
185 576 142 313
188 576 143 313
193 569 152 309
199 569 168 316
189 575 151 315
190 571 156 319
191 572 159 321
190 569 164 325
191 567 170 329
236 523 263 337
200 564 197 336
195 565 186 333
194 567 183 333
193 565 182 333
193 566 181 332
193 567 181 333
193 566 181 333
0 640 0 400
201 566 204 336
196 562 188 334
195 565 183 333
196 564 190 337
0 640 0 400
204 560 216 344
202 558 216 348
201 561 219 352
202 563 214 350
0 640 0 400
209 562 235 351
204 565 228 352
203 562 223 352
202 563 218 350
201 562 216 350
201 563 216 351
202 561 215 351
202 563 215 351
218 556 263 352
204 564 227 351
204 562 224 351
204 567 226 352
204 565 226 353
203 566 226 353
204 565 228 354
205 567 229 354
238 555 275 354
211 562 246 354
207 565 241 354
209 565 237 354
209 566 234 355
206 565 233 354
302 477 305 353
211 564 242 353
209 564 235 353
206 566 234 349
208 566 229 347
208 567 224 344
206 568 220 342
231 563 238 339
232 560 235 337
214 566 230 337
208 567 220 338
208 568 217 338
207 569 215 338
205 570 209 335
240 561 246 337
208 568 220 337
