123 544 188 356
124 544 185 354
125 544 183 353
122 543 192 358
121 541 192 358
122 542 191 357
123 538 191 357
122 543 191 357
123 537 191 358
122 538 190 358
124 534 190 358
123 539 190 358
122 542 190 358
122 538 189 358
123 540 188 357
122 543 188 357
123 541 188 357
122 535 188 358
123 534 189 358
123 539 188 357
122 543 188 357
122 541 189 357
123 536 189 357
122 538 189 357
124 537 189 357
121 536 189 358
126 538 188 357
126 538 189 357
124 545 189 354
124 544 188 353
128 548 188 352
126 544 187 351
126 535 188 350
125 541 188 350
126 545 187 350
130 543 186 351
128 545 186 350
125 546 186 351
126 543 186 350
128 545 186 349
128 545 186 349
128 547 186 350
126 545 185 349
126 544 176 346
130 547 166 343
125 553 160 343
129 554 153 338
128 554 150 337
128 555 151 337
128 555 151 336
130 553 150 335
129 554 150 337
128 552 150 338
128 553 150 337
129 555 151 339
127 553 152 337
127 553 152 338
127 551 152 338
127 553 149 339
124 554 148 341
125 549 147 338
124 550 146 340
125 554 145 341
127 552 145 339
124 552 145 337
126 555 144 337
123 552 144 339
126 551 144 338
128 553 145 337
126 551 145 340
126 552 146 339
126 552 146 339
125 554 149 341
120 553 152 345
123 546 155 344
122 543 157 347
121 545 160 348
120 544 159 347
119 543 159 347
119 542 159 348
122 543 159 348
121 545 159 348
121 545 159 348
123 546 159 345
121 547 160 347
120 547 160 349
120 541 163 348
120 540 173 352
123 535 179 355
120 534 186 358
121 539 192 362
122 532 194 363
122 529 195 363
121 532 196 363
125 532 195 363
121 534 196 363
121 529 196 364
122 530 196 363
122 528 197 365
121 527 198 365
122 532 200 365
122 531 202 367
122 531 213 373
125 534 222 379
128 534 229 383
128 539 236 383
128 535 241 385
129 536 241 385
128 537 241 384
129 535 241 384
128 534 241 385
129 533 240 384
128 535 241 383
127 534 241 383
126 537 242 384
127 533 242 384
128 537 244 385
130 532 247 387
129 531 250 389
130 532 252 389
132 535 253 390
132 532 255 392
133 533 254 390
132 533 255 390
134 534 254 391
134 535 255 390
131 532 255 391
133 534 255 391
134 534 255 390
131 537 255 390
132 533 255 389
131 537 249 383
132 539 247 381
134 540 246 377
133 541 244 376
136 543 239 371
137 542 241 373
133 543 240 373
133 542 239 372
134 544 238 371
133 542 238 371
133 543 238 371
134 543 238 371
134 544 238 371
