94 556 187 355
93 556 187 356
0 640 0 400
92 560 168 350
92 560 167 350
0 640 0 400
93 561 173 350
92 560 169 351
93 560 169 350
91 560 169 351
93 560 169 351
92 560 169 351
94 560 168 350
92 560 168 350
92 560 168 350
92 559 169 349
93 560 168 349
93 560 169 350
92 561 169 349
92 560 169 351
92 560 169 349
92 560 169 349
92 560 169 351
93 560 169 350
92 560 170 351
92 560 170 351
91 561 170 349
92 561 170 349
94 561 172 346
93 562 172 347
93 563 171 345
93 564 171 345
92 564 170 346
93 565 169 344
96 561 175 345
98 561 183 344
92 564 168 344
93 565 166 344
92 564 166 345
92 565 164 344
90 565 157 343
90 566 150 341
89 566 145 340
88 566 140 337
88 566 136 336
86 566 135 339
89 567 134 336
87 567 134 336
88 566 134 334
87 568 133 335
86 567 133 335
88 567 131 333
143 547 208 328
89 566 132 332
90 566 130 333
86 566 127 333
89 565 127 331
88 563 126 332
90 566 125 332
92 565 125 332
90 565 124 332
88 565 124 333
89 561 123 332
87 565 123 333
87 564 123 334
90 565 122 332
89 564 121 332
89 564 122 332
90 566 122 332
88 563 123 333
89 557 126 334
92 559 129 334
92 557 130 336
90 553 133 339
91 562 135 338
91 563 134 336
131 540 211 335
130 547 206 331
92 561 136 337
92 561 133 336
92 564 134 335
90 563 134 338
92 561 135 336
96 560 141 339
95 562 149 343
96 562 157 347
95 561 161 348
96 560 164 349
96 559 166 351
96 555 165 351
0 640 0 400
0 640 0 400
99 562 166 347
97 561 166 349
97 558 167 347
112 558 189 346
97 561 165 346
97 560 165 347
97 558 167 349
98 552 180 351
100 557 187 354
99 559 194 357
148 521 255 362
108 555 217 357
110 555 217 357
106 555 217 359
105 555 217 360
107 555 216 360
106 555 216 361
106 555 216 359
105 555 217 358
105 555 217 358
105 556 217 361
116 555 224 357
118 554 229 360
113 554 232 364
108 555 235 370
113 554 237 368
148 554 239 351
102 553 240 380
109 553 239 372
112 552 240 372
110 553 240 374
108 553 239 375
102 553 239 378
108 554 239 374
110 554 238 374
143 554 239 348
106 553 237 373
105 553 233 371
104 553 228 366
103 553 225 364
112 554 222 360
116 554 221 357
114 554 222 358
103 554 232 374
123 555 220 349
117 554 216 350
156 542 235 345
120 555 218 351
120 555 218 351
114 557 215 349
113 557 215 351
115 557 215 350
