26 494 175 360
32 490 133 329
27 493 168 361
28 494 163 356
29 491 161 356
30 492 160 353
23 493 158 355
24 495 155 355
24 494 153 354
26 495 154 353
25 492 154 355
28 495 154 355
26 494 152 352
23 491 153 356
27 494 153 351
26 490 153 354
30 486 153 353
27 490 153 355
26 487 153 356
27 490 153 355
27 493 153 355
27 491 153 355
27 489 152 352
27 495 152 353
28 494 151 353
89 498 212 353
32 493 168 351
33 494 164 351
37 494 163 347
30 493 158 347
24 494 155 346
28 494 154 344
25 494 151 342
22 494 151 339
32 494 152 341
25 494 152 341
20 494 151 345
18 494 150 344
24 493 150 344
29 494 150 343
23 494 151 343
25 494 150 343
27 493 141 327
19 489 131 330
15 487 126 324
12 489 117 327
16 486 110 317
24 486 110 316
9 486 113 310
24 487 113 315
29 486 113 318
23 484 111 320
17 480 112 326
20 483 111 314
21 487 110 318
41 481 110 319
33 483 109 321
39 487 106 325
28 489 104 321
58 481 102 324
33 486 100 322
29 485 100 322
30 482 100 325
47 482 100 324
50 480 100 319
30 481 98 319
54 487 99 320
46 482 99 319
54 486 99 322
49 485 99 319
50 484 97 318
32 480 100 321
41 485 105 329
27 487 107 328
30 488 110 331
28 485 113 338
32 490 115 335
28 485 113 340
23 483 113 331
29 479 112 331
30 484 112 333
26 482 112 331
28 484 112 339
29 493 147 344
21 489 126 336
24 490 123 334
17 488 122 339
11 491 132 342
23 492 137 348
27 492 139 344
15 492 145 353
27 492 150 355
24 493 153 358
32 493 154 352
29 493 154 353
29 493 154 356
31 493 154 355
29 493 154 353
28 493 154 352
24 490 154 353
23 494 155 354
28 491 159 355
24 490 167 359
26 494 176 364
30 489 180 365
39 490 187 367
34 490 189 369
38 494 190 368
40 493 191 365
62 497 193 367
54 496 195 370
58 497 196 367
60 497 197 368
49 495 195 366
53 496 195 365
62 495 196 364
64 496 199 365
62 499 200 368
73 501 200 369
69 500 202 370
65 500 203 371
67 498 202 371
76 497 203 367
66 499 203 370
64 498 203 371
67 499 204 371
64 499 204 371
64 500 203 371
66 498 202 371
72 499 201 365
70 499 195 363
76 502 195 361
73 500 193 356
67 498 186 355
60 500 186 355
72 501 185 353
69 498 181 352
65 498 182 356
89 498 195 348
134 495 249 343
85 501 192 352
73 499 191 352
78 498 187 350
87 500 187 351
