117 498 210 333
83 499 208 340
84 499 210 345
86 499 207 343
65 499 204 345
73 499 204 343
64 498 203 346
68 498 199 345
99 498 198 335
68 498 199 344
67 498 201 346
58 498 200 344
70 497 200 344
64 497 201 344
74 496 201 345
73 497 201 341
70 497 202 343
67 497 203 344
70 497 203 345
74 497 203 344
66 497 203 343
78 497 203 339
69 497 203 346
65 497 203 345
70 497 203 345
66 497 203 345
77 496 203 344
74 496 202 342
68 496 202 343
66 497 201 343
75 497 202 341
77 497 201 336
71 497 201 338
65 497 201 341
73 497 201 335
78 498 201 339
79 497 201 336
71 497 201 337
71 496 201 338
64 498 200 341
70 497 198 338
57 498 185 329
108 498 178 322
95 498 171 321
88 498 167 323
75 497 161 315
90 497 161 314
88 497 162 315
73 497 163 317
82 497 164 316
83 498 164 316
89 497 164 317
90 498 164 317
85 498 163 318
78 495 163 319
74 497 163 322
87 497 163 318
86 497 164 320
87 497 163 320
79 496 157 313
70 495 154 317
70 495 150 318
73 493 146 317
73 494 146 325
74 494 145 323
69 492 146 323
67 491 146 323
74 493 146 316
75 495 146 315
79 493 147 316
78 493 147 314
76 494 148 315
65 493 148 324
76 493 149 313
0 640 0 400
63 493 166 326
82 492 164 325
80 493 165 325
68 492 166 327
67 493 165 327
66 493 166 328
67 494 166 328
67 492 166 329
60 493 166 331
77 494 166 322
66 493 166 322
70 495 167 327
58 495 175 337
35 495 183 336
72 494 186 331
67 497 192 331
117 499 198 336
124 497 200 335
117 496 201 333
121 497 202 330
119 498 203 329
120 499 203 328
99 498 203 344
100 499 205 343
116 499 205 329
120 499 205 328
119 498 228 345
143 497 240 346
119 498 231 347
118 498 236 350
139 498 244 356
150 498 248 356
149 499 246 354
141 498 246 356
147 499 245 356
154 500 245 355
148 498 246 356
155 499 245 354
152 499 244 353
155 499 245 352
155 498 245 354
151 498 246 356
136 497 251 355
129 498 252 356
133 498 253 355
136 497 255 356
132 498 256 357
138 498 257 357
143 497 257 356
137 498 257 357
144 498 257 356
138 497 258 357
139 498 258 357
133 497 258 357
138 497 256 355
132 498 248 371
130 497 239 351
145 498 241 342
134 498 240 343
143 498 240 339
130 499 240 344
130 498 242 346
148 498 243 343
149 498 243 345
148 499 242 343
132 499 241 341
148 499 239 338
146 499 237 339
134 499 235 341
