28 559 151 300
34 560 152 300
36 558 153 299
43 554 143 299
51 554 143 298
39 554 141 295
50 564 139 292
44 564 138 290
47 561 142 290
35 552 142 298
53 560 141 296
46 560 138 290
39 561 140 294
49 559 140 293
36 561 138 293
46 558 137 289
29 562 137 292
48 558 137 291
49 559 138 292
62 558 166 295
57 552 153 293
60 556 150 294
53 560 149 292
59 553 178 306
56 553 168 299
58 556 167 299
50 551 167 300
50 553 163 296
49 557 159 294
47 555 161 298
54 553 159 294
52 553 157 297
55 553 153 296
50 553 151 296
31 553 147 296
49 556 145 291
56 555 144 294
37 554 141 291
56 556 142 289
55 553 142 292
56 554 141 292
62 556 139 283
56 559 139 277
57 557 139 282
62 555 142 287
58 556 136 284
56 554 117 278
49 558 106 276
30 558 103 273
43 558 99 271
28 558 97 273
38 560 96 275
36 561 95 276
30 562 93 277
27 560 93 275
24 563 93 274
34 560 93 276
43 561 94 273
41 559 94 274
43 561 94 275
40 560 90 272
29 559 89 272
28 558 88 270
28 557 88 270
41 558 88 269
35 559 88 270
30 559 87 269
36 557 83 267
38 553 83 268
37 553 85 268
34 553 84 268
39 554 83 267
34 555 85 270
34 555 83 267
38 557 82 266
30 551 80 266
37 553 81 265
37 552 83 267
34 554 87 269
37 557 88 270
40 556 89 273
40 552 93 274
33 556 96 279
38 555 95 278
20 551 97 280
22 556 99 278
23 553 98 278
79 556 134 281
91 557 195 293
26 553 110 282
21 553 107 280
22 556 105 279
25 556 104 280
29 558 104 280
28 555 104 278
18 555 108 280
20 557 114 282
14 557 119 287
12 554 122 292
16 551 128 295
16 555 132 299
16 556 134 300
11 557 134 300
13 553 133 300
17 558 135 299
23 554 152 303
13 558 144 301
11 558 143 301
13 558 156 309
28 560 159 305
29 557 164 306
27 554 172 310
21 555 179 311
23 554 183 312
23 555 185 312
42 555 186 311
36 558 186 313
25 555 188 313
31 555 188 312
35 556 188 313
37 556 189 314
21 558 187 314
24 554 187 313
31 554 188 311
33 553 188 312
31 554 188 313
37 556 189 310
45 555 191 315
50 554 193 315
51 557 197 316
56 556 198 315
64 557 200 315
59 557 201 321
67 555 201 314
67 556 202 314
67 557 205 315
63 556 207 319
62 553 212 324
65 554 212 324
63 555 212 324
64 555 210 321
61 556 208 321
132 545 257 324
81 553 211 312
80 556 207 311
77 552 201 308
67 550 199 310
67 550 195 306
65 552 196 308
63 547 198 311
65 548 199 310
64 550 200 312
64 551 201 314
68 549 201 310
66 548 200 311
67 551 199 309
68 548 198 308
