49 571 150 333
51 573 152 331
51 569 151 331
52 573 150 332
51 570 150 330
50 573 151 330
52 571 151 331
52 573 152 330
50 573 151 332
49 572 151 331
49 573 151 331
50 573 151 332
49 571 150 332
50 571 150 331
49 571 150 331
50 570 151 332
46 573 150 332
48 573 150 332
46 574 150 332
49 574 150 332
49 572 150 331
47 573 150 332
49 573 149 332
51 570 149 330
50 573 149 330
52 573 151 330
52 568 152 331
50 571 152 331
53 567 152 331
55 566 152 328
54 568 153 330
54 569 152 329
50 567 151 329
52 569 150 329
53 569 150 329
52 571 150 330
51 570 149 330
54 568 149 327
50 568 150 330
50 570 149 329
48 573 144 327
45 565 123 318
39 574 115 315
36 577 108 314
35 574 105 312
31 575 104 315
36 574 105 314
35 572 105 313
32 573 105 314
34 576 105 314
35 574 105 313
36 573 105 313
35 571 105 314
33 572 106 313
34 575 106 314
36 575 105 313
31 573 103 314
34 575 101 313
34 577 100 312
33 578 100 312
33 577 100 313
34 577 100 313
33 579 100 314
38 580 109 312
43 573 109 313
34 575 103 313
33 576 102 313
34 576 102 312
34 576 102 312
33 577 102 313
32 575 102 314
35 575 102 312
34 573 104 313
37 577 107 313
34 573 110 315
37 576 113 315
37 577 118 317
37 577 119 318
36 576 118 317
32 577 118 318
35 577 117 317
35 576 117 317
34 577 117 318
35 576 116 317
38 578 116 316
38 577 116 317
37 577 116 315
38 577 116 316
34 576 120 320
33 577 126 325
38 574 136 330
33 575 144 332
43 572 155 334
54 570 161 333
48 573 157 334
46 573 156 334
47 573 154 334
39 571 153 332
43 573 153 335
42 572 152 334
43 573 152 334
34 573 152 333
40 574 151 333
35 573 151 334
34 575 151 334
43 575 152 334
52 573 160 333
59 571 174 337
67 570 184 339
72 565 196 343
78 568 204 344
76 568 200 343
75 566 199 343
72 570 195 343
73 566 195 342
71 569 194 342
73 568 194 341
72 568 194 341
69 569 193 341
72 571 193 341
71 571 193 341
74 572 192 341
72 571 192 342
70 571 192 341
72 569 192 341
75 571 192 340
76 567 196 340
80 567 200 341
79 567 204 344
82 563 208 345
85 560 211 345
85 561 211 345
82 560 211 346
85 559 210 344
83 560 210 345
84 561 210 345
82 561 210 346
85 563 210 344
82 561 209 344
84 562 209 345
85 561 209 344
80 562 204 341
79 563 202 340
82 559 200 336
82 562 196 335
80 561 194 335
79 563 195 336
79 564 194 336
80 563 195 338
80 563 195 336
81 562 195 335
78 563 194 335
78 563 194 336
79 562 193 335
78 564 193 336
79 565 193 335
79 564 193 335
79 562 193 334
