141 550 193 365
139 553 177 360
140 555 177 361
140 553 185 362
142 552 183 361
138 552 184 361
141 553 185 363
139 552 186 364
140 551 188 366
141 552 189 365
140 553 188 365
140 553 186 364
141 553 186 364
141 552 185 363
140 552 185 363
139 553 184 362
138 552 184 362
140 552 184 361
137 553 184 361
138 553 183 361
138 552 185 362
139 553 185 362
140 553 186 362
139 553 186 363
138 553 186 363
141 552 185 363
138 553 183 361
140 554 185 361
140 555 184 361
139 556 183 360
139 556 178 358
0 640 0 400
138 557 189 358
138 556 181 357
138 557 179 357
137 557 178 357
105 557 177 357
138 557 178 358
103 557 180 360
137 556 184 360
136 556 182 359
138 556 186 361
142 556 181 359
139 557 175 357
138 557 167 357
141 559 162 352
140 560 155 352
140 560 156 352
138 560 155 352
138 561 156 353
140 561 156 353
140 561 156 352
139 560 157 353
139 560 156 351
139 560 156 352
139 560 158 353
140 559 158 353
139 559 157 352
139 560 156 353
139 561 155 351
139 560 156 351
136 560 156 351
138 560 156 351
139 560 157 351
139 560 156 351
140 560 158 352
139 559 158 351
140 559 156 352
139 559 153 352
138 558 152 351
136 558 148 350
152 535 242 353
137 556 150 350
136 556 148 349
137 555 147 348
136 558 146 348
137 559 145 347
136 559 146 348
137 558 145 346
137 558 147 348
136 553 185 361
135 556 187 361
141 553 184 360
137 558 153 351
138 558 152 351
137 553 153 352
140 557 155 351
138 555 157 352
139 555 159 352
138 552 160 353
138 550 158 352
138 551 157 350
138 550 157 351
137 552 156 351
138 552 156 350
139 552 157 351
139 552 158 354
134 556 160 357
138 556 162 357
138 557 162 356
139 553 173 359
139 553 174 358
186 517 283 382
144 549 207 366
140 553 189 363
142 552 187 362
143 554 185 359
140 553 182 358
140 552 184 360
141 554 185 359
140 553 185 360
142 554 186 360
141 552 187 361
141 552 203 367
141 548 215 372
140 550 217 371
141 548 221 371
141 547 228 376
141 545 225 373
141 547 225 372
139 545 225 374
140 547 224 371
140 545 225 374
142 545 226 374
141 545 226 375
140 545 227 375
140 544 227 376
140 543 230 378
140 544 234 380
142 543 237 380
139 543 239 381
139 544 242 381
140 545 242 381
139 544 241 381
139 545 240 381
138 544 239 381
139 543 238 381
139 544 236 382
139 544 236 382
136 544 236 382
138 543 237 383
139 544 237 382
138 544 235 382
185 526 309 387
141 546 232 375
140 549 223 373
138 551 216 372
138 552 212 370
140 552 208 367
138 553 210 368
137 553 212 369
138 552 213 369
137 551 214 371
136 551 216 371
138 550 216 371
138 549 217 371
137 550 216 370
