92 490 181 318
98 492 183 316
99 491 183 314
98 490 187 320
101 490 188 319
103 490 189 319
98 490 187 319
90 489 175 318
91 489 177 322
105 490 185 315
112 490 194 317
133 488 219 318
107 488 191 320
97 490 176 320
93 491 174 319
90 490 174 319
92 489 175 321
95 489 176 321
94 489 176 319
94 489 175 318
155 483 237 318
119 489 225 318
106 489 190 319
100 489 180 317
100 490 176 315
91 489 163 316
94 490 172 316
97 491 174 313
90 491 170 315
92 492 165 314
93 493 162 310
91 493 163 311
90 492 162 312
94 492 161 308
87 493 161 313
90 492 160 311
88 492 160 312
87 491 159 310
89 492 159 310
87 490 159 311
86 491 158 311
82 489 158 313
86 488 146 305
85 487 142 304
129 486 217 309
111 487 178 304
100 486 149 300
94 486 144 300
89 486 143 304
92 486 139 300
95 486 137 296
92 487 135 297
89 486 134 299
88 486 134 300
89 487 135 300
88 487 135 300
88 486 136 299
90 486 135 299
89 486 130 298
92 487 127 296
87 486 127 300
89 485 126 297
90 486 121 295
89 486 122 298
86 485 123 299
93 486 123 295
90 485 123 299
90 486 123 296
91 485 123 297
87 486 124 299
90 485 126 298
90 486 126 297
84 485 127 301
84 485 127 305
86 485 128 303
86 485 129 304
83 484 131 308
81 485 131 308
80 484 133 309
81 485 133 308
84 485 134 306
85 486 134 305
80 484 135 309
81 485 134 308
82 485 135 308
82 485 142 311
83 484 143 313
85 485 145 309
80 484 146 319
85 484 188 333
99 485 198 329
84 484 179 326
84 483 179 329
80 483 179 330
83 483 180 330
85 484 180 328
81 483 182 332
86 484 182 330
85 485 181 330
85 484 181 329
81 486 185 339
91 486 198 346
111 490 214 358
113 489 225 363
118 490 233 371
129 489 236 370
127 489 238 374
131 488 237 372
132 489 238 371
133 488 239 371
135 489 239 371
133 488 240 371
135 489 241 372
136 487 242 370
131 490 242 372
131 489 243 373
116 489 245 371
126 489 248 373
117 487 250 373
116 488 250 374
121 486 250 374
118 487 250 374
123 488 250 375
112 489 250 372
120 488 247 371
114 488 249 372
112 486 250 374
115 485 250 373
127 487 250 372
121 486 249 367
101 489 245 365
116 490 229 352
90 493 221 351
85 492 211 348
94 489 216 351
109 490 215 351
76 491 205 347
72 490 195 347
76 489 195 345
80 490 198 347
71 490 195 340
76 490 197 341
88 489 210 346
117 491 218 350
114 489 219 350
