97 561 189 296
97 561 188 294
98 559 174 285
96 558 168 285
94 558 167 286
94 558 167 286
94 559 167 287
92 558 167 288
93 559 166 287
92 559 166 287
92 558 167 287
92 558 171 289
94 561 166 287
96 563 165 287
0 640 0 400
101 561 183 285
103 562 185 286
93 562 166 288
93 561 166 288
92 560 165 289
92 560 165 287
91 559 164 289
92 559 164 288
92 561 164 288
92 561 164 287
94 563 165 287
92 561 164 287
94 561 162 285
92 556 162 285
98 553 160 281
97 554 160 281
100 553 159 282
100 555 159 280
95 552 155 281
96 553 155 281
96 555 155 283
94 553 155 283
96 553 154 283
94 554 155 283
95 552 155 283
94 555 155 282
93 553 147 281
92 557 143 279
92 553 136 276
91 555 132 276
93 553 129 275
94 554 125 273
95 554 123 271
94 553 124 271
94 551 123 270
96 552 122 270
96 552 122 270
95 550 120 269
94 551 118 269
93 553 118 270
93 551 117 270
95 550 117 270
92 552 116 269
92 549 113 269
91 548 109 267
88 543 112 269
90 546 110 269
93 549 110 268
93 548 109 268
89 545 110 269
105 552 167 277
90 549 118 272
91 544 109 268
90 546 109 269
90 541 108 268
90 540 108 268
89 541 108 268
90 542 108 268
88 543 110 269
88 542 112 270
88 546 116 270
88 544 118 272
88 545 120 272
87 544 122 275
88 549 123 274
87 547 124 274
87 546 125 275
86 549 124 274
88 545 124 273
89 549 125 271
88 550 126 272
86 550 127 274
86 550 128 275
87 552 135 277
87 554 140 280
84 552 149 284
82 553 156 286
83 556 160 288
79 555 161 289
80 557 161 288
76 556 161 291
78 556 161 290
80 558 162 289
80 557 163 289
78 557 163 291
80 559 164 291
79 559 165 292
76 559 168 296
75 560 172 299
86 559 179 302
83 561 184 305
83 561 189 308
88 561 197 311
91 562 198 311
89 561 199 310
92 561 201 311
93 562 201 311
93 561 202 311
92 562 203 311
91 562 205 311
87 561 205 312
90 561 205 313
96 562 206 313
98 562 207 313
100 563 208 313
101 562 210 316
101 562 212 316
102 562 212 316
102 562 212 315
102 562 212 315
100 562 213 316
103 561 214 316
102 561 214 316
105 562 215 316
106 562 216 316
106 562 217 316
102 562 211 309
101 562 209 308
102 561 205 306
102 561 203 303
103 561 201 303
102 559 200 302
99 561 199 302
102 562 199 302
102 562 199 303
99 561 199 302
101 562 199 302
102 561 199 300
102 563 197 300
104 562 195 299
