191 576 158 317
187 577 153 316
189 575 168 326
191 572 173 331
213 567 195 325
201 568 198 335
199 570 188 333
197 570 185 327
198 570 182 329
198 571 182 329
196 570 180 330
195 571 178 330
196 572 177 330
195 572 177 331
194 572 177 331
194 572 177 331
195 572 176 331
195 572 178 331
203 567 203 334
198 570 189 333
197 570 185 332
196 570 182 332
196 571 180 331
196 571 179 331
195 571 179 331
195 572 178 331
196 572 178 330
196 573 176 326
196 573 175 327
196 574 175 326
195 574 175 325
196 575 174 324
196 575 173 324
0 640 0 400
199 572 184 325
197 574 179 324
195 574 177 324
196 574 176 324
195 574 174 323
194 575 173 323
0 640 0 400
199 572 186 324
193 576 161 316
191 577 152 313
186 578 146 310
189 578 141 307
188 578 138 305
187 579 136 305
186 578 139 305
257 527 245 317
192 577 146 307
189 578 142 305
185 578 141 306
188 578 140 303
222 565 217 316
191 577 146 306
189 578 138 303
187 578 135 302
185 578 134 302
184 578 133 303
186 578 131 303
184 578 129 302
184 578 129 302
184 578 129 302
223 563 220 316
189 576 138 305
190 577 135 305
185 577 134 305
186 578 134 305
183 578 133 304
184 577 133 304
183 578 136 307
186 577 138 309
183 575 140 310
185 576 142 313
182 576 144 315
218 564 193 310
193 571 160 319
187 574 151 317
184 575 147 313
183 575 147 314
184 570 148 314
198 565 177 322
189 573 155 316
186 574 151 315
185 574 150 315
186 572 157 320
186 572 162 325
186 572 165 327
186 571 170 331
189 570 174 333
189 569 179 337
188 568 178 335
0 640 0 400
196 561 196 337
193 563 189 337
193 567 186 337
193 564 185 336
193 561 183 336
194 565 184 337
193 565 189 340
193 565 196 344
194 563 202 348
194 560 207 351
197 563 214 355
197 561 215 355
198 558 215 355
257 528 294 356
204 560 238 355
201 560 231 355
200 561 226 354
199 561 224 355
198 556 224 355
200 558 223 355
199 556 220 355
199 557 221 355
201 560 223 356
199 561 223 356
200 564 225 357
201 563 227 358
201 566 229 359
202 564 230 359
201 564 231 359
202 564 230 359
202 564 230 359
201 566 230 359
202 565 231 359
201 564 231 359
202 565 231 359
202 565 231 359
200 566 230 359
202 565 227 354
202 566 223 350
251 552 279 351
210 564 235 348
240 559 257 344
208 566 224 343
204 567 220 343
205 568 220 344
204 568 218 343
203 568 216 342
203 568 214 343
202 568 215 343
201 569 216 343
202 570 211 339
