196 575 167 316
192 576 161 315
191 574 163 319
191 574 168 324
190 574 169 325
191 573 169 325
190 574 169 325
0 640 0 400
200 571 184 327
196 571 178 327
195 572 176 327
193 572 174 326
194 573 172 325
194 573 171 326
255 541 276 341
199 570 188 330
196 572 178 328
194 572 175 327
192 572 173 327
191 573 172 327
0 640 0 400
224 561 245 332
199 571 185 329
196 570 180 329
195 572 177 328
195 572 175 328
194 574 171 325
191 575 171 323
195 575 171 323
195 575 171 322
194 575 170 320
193 576 169 319
193 576 167 319
191 576 165 319
226 565 204 321
201 571 193 323
195 574 176 322
195 575 173 321
192 576 165 318
192 576 169 321
191 578 154 313
189 578 149 310
187 578 145 308
187 579 140 305
186 579 134 302
186 579 133 301
184 580 133 301
185 579 133 301
200 576 149 297
236 540 219 319
192 576 151 307
185 578 138 304
185 578 136 303
187 578 136 303
188 579 134 301
189 579 134 301
200 573 169 311
190 578 139 304
188 578 134 303
185 578 131 301
185 579 128 300
182 579 126 299
184 579 126 299
184 579 127 300
184 579 126 300
226 549 227 319
191 576 141 305
191 576 139 305
188 578 133 302
183 578 131 301
198 575 144 298
195 574 151 309
185 576 138 306
185 574 140 309
185 574 142 312
185 577 142 313
182 577 144 313
185 577 144 313
185 576 144 313
185 577 143 313
231 546 225 319
236 533 240 323
192 572 158 316
185 575 149 314
185 577 147 314
225 553 241 325
190 570 155 317
188 570 159 321
187 570 164 325
186 571 167 326
188 571 173 331
188 569 178 333
189 568 177 333
188 566 175 333
187 567 176 333
187 569 175 332
189 569 174 331
188 568 174 331
189 568 176 333
188 566 177 333
259 529 274 340
197 565 204 342
195 565 205 345
195 563 207 347
196 562 212 352
196 562 213 352
196 562 214 352
197 563 213 352
209 557 225 351
233 533 282 356
202 559 231 354
201 557 230 354
200 561 221 352
200 560 218 352
198 559 218 353
200 560 219 353
200 563 220 354
201 562 223 355
201 563 226 355
203 565 229 356
201 564 228 356
201 565 227 356
0 640 0 400
212 562 245 357
205 565 235 356
205 564 234 356
0 640 0 400
211 562 246 357
207 564 238 357
206 564 237 355
206 565 229 349
205 566 224 347
204 567 221 344
203 568 217 342
202 570 212 338
202 570 212 339
202 570 213 341
0 640 0 400
213 564 235 344
207 567 223 341
204 568 220 341
203 569 218 341
205 568 218 341
203 569 216 341
203 568 216 341
