140 562 121 267
133 562 113 268
132 555 108 272
128 559 94 266
130 561 95 267
130 561 96 269
128 561 94 269
130 562 96 270
129 562 96 270
130 560 94 268
129 560 94 269
129 559 93 270
130 561 94 268
129 557 94 268
131 561 95 268
129 557 94 269
130 557 95 269
130 558 95 270
130 558 98 268
130 560 97 269
163 555 174 285
146 559 145 277
144 550 129 275
172 552 193 296
142 557 124 272
136 556 109 270
136 561 107 268
134 563 104 268
136 561 104 268
136 566 101 262
134 569 99 262
132 569 97 266
132 562 95 261
130 561 92 264
127 563 91 262
129 565 91 264
130 569 91 264
128 567 92 263
129 563 91 264
130 566 90 262
128 564 90 265
128 565 90 264
129 565 90 263
128 566 89 263
124 568 74 259
122 565 65 257
125 561 52 251
127 564 45 249
128 564 36 245
124 565 28 244
128 562 31 242
126 569 34 245
130 565 49 241
175 561 168 261
130 567 74 254
127 571 61 251
126 574 58 252
126 566 55 251
128 562 55 249
154 537 94 242
140 561 75 235
132 565 52 235
130 563 48 243
131 558 48 246
146 557 103 251
130 561 54 250
130 564 48 246
129 560 47 245
128 556 45 244
131 560 46 244
166 552 156 260
136 557 77 250
126 560 52 247
130 558 48 244
130 562 52 248
134 557 62 239
164 556 149 259
128 561 75 259
125 562 72 260
124 562 68 262
126 564 63 259
128 564 63 259
126 563 61 258
125 563 61 259
126 565 61 255
126 563 61 259
126 563 62 259
125 564 70 267
47 109 31 195
138 557 105 265
130 554 101 270
126 558 101 275
128 555 99 272
128 558 99 271
128 562 97 271
128 557 98 273
127 558 98 273
126 558 98 274
122 558 98 275
126 557 98 274
126 558 100 274
129 557 109 278
132 557 115 280
131 559 122 284
130 558 127 287
132 557 134 289
134 557 135 289
134 556 134 288
132 556 135 289
133 556 135 289
133 555 135 289
134 556 136 289
132 559 136 291
132 555 136 288
135 556 136 288
133 556 138 289
136 554 141 289
135 554 142 289
135 562 144 290
135 555 147 291
138 559 150 290
136 560 149 290
134 559 148 292
136 560 149 290
136 561 149 290
137 558 149 290
153 551 221 307
152 563 171 291
150 565 165 290
144 564 164 292
138 564 155 291
145 563 147 279
143 564 143 276
140 564 140 277
139 566 136 276
144 565 134 272
143 563 137 275
138 563 139 280
145 566 137 273
140 566 137 276
144 566 137 272
140 566 137 276
142 564 137 277
144 562 138 275
140 564 137 277
