232 578 227 299
204 586 185 297
199 586 177 295
196 587 160 285
196 589 156 283
196 589 155 283
196 590 152 281
197 589 152 280
197 589 151 280
196 590 152 281
198 589 154 283
196 588 154 283
196 589 152 283
198 589 153 281
223 583 195 283
198 589 158 282
196 590 153 282
196 589 151 281
197 590 150 278
224 585 193 280
205 588 175 279
200 590 159 279
197 590 159 283
196 592 143 278
196 591 145 280
198 590 148 281
198 590 148 281
201 589 152 281
198 588 153 284
198 589 151 283
198 591 146 280
198 592 146 283
199 592 144 282
198 593 143 283
196 593 141 285
197 593 143 285
197 593 143 286
195 593 142 286
196 593 142 286
195 593 140 285
196 593 141 285
196 593 141 285
195 592 156 286
196 592 151 286
196 592 149 285
196 593 144 284
195 594 129 278
194 595 124 277
193 595 117 275
190 596 111 273
190 595 109 273
258 581 209 276
214 589 172 277
195 594 123 273
192 596 112 272
191 596 110 272
192 596 110 272
192 595 110 272
191 595 111 273
191 595 111 273
191 595 111 272
193 595 113 271
191 595 105 268
189 595 102 267
189 595 99 264
189 594 98 263
189 594 96 263
189 594 96 263
189 594 94 263
189 594 95 263
188 593 95 263
190 594 94 264
189 594 94 264
189 594 96 263
194 592 114 264
192 593 101 263
191 593 101 260
189 592 106 262
189 593 110 263
191 592 111 260
190 592 112 260
190 593 112 261
189 593 111 261
189 593 111 261
190 594 113 262
191 594 113 262
195 592 118 264
206 587 137 274
211 584 145 279
212 585 145 277
209 580 155 283
222 571 194 295
212 577 183 296
210 578 180 296
205 579 178 291
205 579 179 291
208 578 182 290
210 576 189 293
215 574 197 300
228 569 203 299
221 574 197 300
221 573 196 300
221 574 196 300
222 573 196 299
221 573 196 300
213 574 194 301
210 576 190 303
210 577 192 302
209 576 199 305
211 576 201 305
209 577 205 306
209 577 209 307
211 577 208 304
211 578 206 303
209 578 205 303
209 578 203 302
206 578 201 301
207 580 200 300
190 582 194 307
194 585 189 302
196 586 192 300
207 586 193 298
215 586 196 302
216 585 200 303
209 586 204 305
206 586 204 305
213 586 204 303
215 585 204 305
213 585 206 306
206 585 206 305
206 585 209 304
211 585 208 304
208 586 209 302
210 584 213 303
218 584 213 303
222 584 214 303
214 585 213 300
215 585 215 300
229 585 216 299
235 585 207 294
239 584 210 293
249 586 204 291
243 585 199 288
245 586 195 288
233 586 192 287
220 586 188 287
220 587 185 287
226 588 183 287
224 588 183 287
229 588 181 287
278 556 245 295
223 588 186 288
226 589 183 287
230 588 187 287
