75 523 144 284
78 521 143 283
78 520 143 283
79 522 145 283
82 521 146 283
75 523 146 283
80 522 146 283
81 521 146 283
81 522 147 283
74 523 146 284
72 520 146 284
73 522 149 285
75 519 149 284
73 520 148 284
74 518 147 284
73 520 146 284
73 522 146 283
72 521 145 284
72 523 145 283
76 525 144 281
73 521 143 283
74 521 142 282
74 526 142 282
77 523 142 279
76 527 142 281
77 526 142 279
77 524 142 279
76 525 142 279
78 526 142 279
77 526 141 277
78 520 141 277
77 525 144 276
84 520 145 275
53 519 144 278
83 514 144 274
82 513 144 275
84 517 144 275
84 512 144 275
83 517 144 275
85 513 145 273
87 516 151 275
84 518 148 275
85 511 146 274
84 511 145 272
88 512 131 267
88 517 126 264
83 518 117 262
77 518 110 260
75 520 106 258
73 515 108 258
75 516 109 258
58 516 108 258
77 521 109 258
43 520 109 261
29 521 108 262
43 521 108 260
77 518 107 259
70 517 107 259
77 521 103 255
48 521 101 254
75 524 99 254
74 523 98 254
73 529 96 254
73 519 96 254
71 523 95 255
70 519 94 255
70 523 95 255
65 521 95 256
51 512 93 256
52 513 92 253
53 516 93 254
47 521 92 254
58 517 91 253
73 528 97 253
33 526 102 260
34 524 104 258
69 513 108 259
18 514 110 259
69 515 109 256
25 515 109 256
24 525 108 254
54 515 108 255
62 514 108 255
24 522 108 258
71 512 108 255
82 510 119 259
23 511 115 257
79 511 118 257
20 499 127 264
85 513 132 261
83 515 136 262
87 490 144 262
90 491 144 262
91 493 144 263
90 490 144 263
88 493 144 263
89 494 144 263
87 492 144 264
90 513 143 264
90 514 144 264
89 499 142 265
86 494 142 265
86 515 141 263
86 514 145 269
87 506 151 272
85 515 154 275
86 513 160 279
93 511 166 279
98 511 173 281
96 508 173 282
104 506 173 278
99 506 173 280
100 506 174 283
103 511 173 278
135 521 210 289
112 517 183 279
111 511 180 277
107 511 182 278
109 515 184 277
109 521 185 279
103 515 186 283
96 517 188 290
102 521 189 288
97 516 189 291
95 516 189 293
96 517 189 292
97 513 190 292
97 516 190 295
95 519 192 297
0 640 0 400
114 475 207 299
124 514 206 295
113 510 198 292
118 513 191 286
119 515 188 283
120 514 187 281
126 513 189 279
121 513 187 280
117 516 220 307
125 510 197 285
121 508 191 282
116 511 190 283
120 514 189 280
111 515 188 284
113 516 187 282
