136 552 198 318
137 554 185 317
138 555 182 317
137 555 184 320
135 554 189 321
136 555 189 321
134 554 190 320
133 555 193 321
136 554 187 321
136 555 186 321
137 555 182 321
136 554 179 321
134 555 179 321
136 553 184 323
134 554 188 323
135 553 190 323
136 553 191 323
135 554 192 323
132 553 191 323
134 554 190 323
133 554 191 323
137 553 188 323
134 552 188 323
138 554 187 322
136 554 189 323
137 554 187 324
137 554 190 323
134 553 191 325
136 552 194 323
134 553 193 325
137 553 192 324
136 555 192 324
138 555 193 324
137 555 192 324
136 555 191 323
137 555 191 323
136 555 191 323
136 555 191 323
136 556 191 323
136 556 191 323
134 556 190 323
136 556 188 324
142 556 175 317
136 556 170 315
137 556 166 311
134 557 159 308
130 556 157 307
0 640 0 400
138 556 165 309
132 557 158 306
131 557 158 307
128 557 158 307
130 557 158 306
130 557 157 306
130 556 157 306
132 557 158 306
131 558 158 306
132 558 153 301
127 558 152 301
126 558 152 299
126 558 152 300
122 558 152 299
119 557 153 299
121 557 153 299
121 556 154 300
121 556 154 301
123 556 155 301
121 556 155 301
124 556 155 301
123 557 156 301
125 557 156 302
125 557 157 301
120 556 160 305
122 556 162 307
122 556 163 308
121 556 165 309
121 556 168 310
121 556 168 310
120 556 168 311
120 555 168 312
120 555 168 312
118 555 168 312
119 555 168 313
120 554 168 312
120 554 169 313
120 555 170 313
123 554 170 313
122 554 171 314
120 554 179 320
123 554 184 323
123 554 187 325
123 554 193 331
128 553 198 335
128 552 200 335
129 552 202 335
150 541 240 333
149 543 237 332
134 551 198 331
132 551 196 331
131 550 198 333
131 551 198 334
131 551 197 334
130 550 201 336
124 546 222 344
123 547 231 349
120 544 238 353
135 544 248 360
146 539 255 364
146 541 257 364
148 543 257 361
148 543 257 361
147 542 257 362
148 541 257 362
148 542 257 361
149 542 256 360
149 542 256 361
148 540 256 361
146 542 257 361
152 541 261 364
155 540 264 366
156 540 267 368
157 538 269 368
161 539 270 368
162 538 270 367
165 539 270 367
165 537 272 369
160 536 272 369
166 537 272 369
163 537 272 369
163 540 272 369
169 540 272 369
159 540 271 367
156 542 255 364
156 543 258 362
158 542 256 360
158 544 250 357
159 544 249 355
0 640 0 400
176 537 271 351
160 544 250 352
158 542 249 352
156 546 238 346
154 544 245 355
156 544 244 354
154 545 238 353
156 545 238 350
