103 542 186 330
104 545 186 328
105 546 186 329
104 544 186 328
106 543 185 328
104 543 185 328
108 544 182 325
106 543 181 324
104 543 181 326
108 544 182 325
104 543 181 326
108 544 181 325
106 544 182 326
103 544 182 327
104 543 182 327
106 545 182 327
106 543 182 326
105 544 182 326
108 542 182 326
106 542 181 326
106 544 181 327
104 543 181 326
109 542 181 325
105 542 181 326
105 542 181 326
108 542 181 326
105 542 182 327
108 547 183 326
106 549 181 326
106 550 181 325
107 551 181 323
105 551 180 324
106 552 180 324
107 552 181 323
103 552 180 324
106 552 181 324
105 551 181 325
107 551 180 324
105 551 181 324
106 552 180 323
105 552 179 323
102 552 164 316
97 551 161 318
98 552 158 316
96 554 152 315
99 554 150 312
100 553 151 313
93 554 151 315
94 553 151 316
160 495 240 323
158 521 228 317
104 554 153 312
103 553 150 311
94 554 150 315
98 555 150 311
97 554 149 313
98 554 149 311
96 553 149 312
93 553 145 313
93 553 142 312
94 553 141 312
89 549 140 311
91 551 139 311
96 551 138 307
96 551 137 308
95 553 137 307
94 551 137 309
94 552 137 308
94 551 137 310
96 552 137 309
124 547 176 317
97 549 146 311
94 548 146 311
91 549 146 312
98 548 149 312
96 548 151 312
96 547 152 312
93 547 151 315
120 541 183 323
99 546 155 315
96 546 153 315
93 547 152 315
91 547 152 313
100 545 152 312
97 545 153 313
96 545 154 314
98 546 159 317
96 545 166 323
101 542 172 324
100 540 176 327
98 535 181 328
100 539 182 328
102 541 187 331
118 537 199 331
108 541 188 329
105 540 187 330
104 541 187 330
103 540 189 331
104 538 189 331
112 532 199 336
110 535 203 340
115 537 209 343
115 529 215 347
117 534 222 351
119 535 224 351
120 533 223 350
117 534 223 350
122 529 226 350
191 504 292 350
179 487 284 350
0 640 0 400
126 532 231 349
124 534 228 349
122 535 225 349
124 536 226 349
125 534 227 349
131 533 232 351
136 534 234 352
135 534 237 353
127 533 237 353
125 535 239 354
121 530 240 355
125 534 240 355
168 260 353 395
135 530 245 353
0 640 0 400
131 528 245 352
130 524 237 353
126 525 238 353
128 529 238 353
124 535 230 348
128 537 228 346
121 540 225 343
123 537 220 341
107 547 215 339
123 544 216 339
118 544 217 339
128 539 230 340
160 531 258 340
241 315 351 383
128 538 224 339
106 542 219 344
117 545 219 339
116 541 220 339
118 543 220 339
