11 515 174 302
9 517 172 303
8 515 170 305
10 511 150 296
11 511 146 294
13 511 143 291
23 513 183 294
13 513 170 295
11 511 142 290
13 511 139 288
13 512 141 286
12 511 143 286
15 512 141 281
12 513 140 282
12 513 138 279
12 514 138 279
12 514 137 278
12 514 137 278
13 513 137 277
85 510 221 293
11 512 153 280
15 513 144 278
12 513 141 278
13 514 137 277
12 514 135 275
12 513 133 276
11 513 130 278
8 513 130 278
64 516 189 275
10 514 135 281
8 514 128 279
8 513 130 278
124 518 222 274
9 514 137 282
9 514 136 280
129 520 229 279
9 517 138 282
10 516 132 280
10 514 131 280
8 515 126 280
8 513 124 280
8 514 117 276
6 513 105 272
6 514 96 268
86 515 204 277
7 514 96 269
5 513 88 266
5 513 86 266
5 514 86 267
10 513 104 267
68 516 188 270
8 517 118 272
5 513 90 266
6 513 87 266
6 513 86 266
6 513 85 266
6 512 85 266
6 511 85 266
6 511 78 266
4 511 76 266
72 516 189 267
7 513 85 265
7 513 76 263
6 513 75 263
8 513 75 261
8 514 76 261
8 514 76 261
8 515 76 260
8 513 76 260
8 512 75 260
8 513 76 261
6 513 78 262
5 513 81 264
6 512 82 265
6 512 86 268
7 512 88 267
6 512 90 268
6 511 89 268
6 511 90 267
6 511 89 266
61 515 166 269
33 518 182 275
11 518 117 272
7 517 107 271
8 513 100 268
7 511 95 267
7 511 96 269
6 514 108 272
11 513 115 274
10 513 120 276
9 513 126 277
11 514 132 278
11 513 131 279
11 514 132 279
9 513 131 279
9 513 132 279
10 512 130 278
11 514 132 280
10 512 131 280
8 513 132 281
11 512 133 281
13 512 145 288
10 513 153 292
10 513 167 299
11 515 178 302
11 514 186 304
12 514 185 304
12 514 184 300
13 515 186 301
13 515 207 305
13 514 198 303
10 516 196 305
10 516 192 306
10 517 190 304
11 516 191 303
10 517 191 305
11 515 193 304
11 515 195 304
13 514 198 305
15 516 200 306
21 514 202 307
22 515 203 309
18 515 201 308
18 513 202 309
18 515 203 309
18 515 202 309
23 515 203 309
0 640 0 400
17 515 205 309
27 516 206 307
21 517 195 304
23 515 192 301
137 518 248 301
19 514 187 297
23 516 182 294
21 516 180 293
23 516 181 294
22 516 180 294
22 516 180 294
19 515 181 295
22 515 180 294
21 516 179 294
16 515 179 295
22 515 180 294
23 515 180 294
