215 516 219 307
138 565 149 304
146 553 166 302
131 562 145 304
132 564 143 305
132 563 144 305
138 564 148 307
206 533 226 307
149 564 160 304
136 563 151 307
138 563 150 308
139 564 149 308
138 565 150 307
135 565 149 305
139 565 123 284
137 565 123 288
138 565 147 293
138 565 147 298
138 564 148 298
133 565 150 299
136 563 157 305
136 562 157 305
140 564 148 296
138 565 148 296
138 565 147 297
138 565 146 294
207 541 220 301
145 563 162 300
148 564 167 297
142 565 158 295
139 567 152 295
138 568 149 296
137 568 148 296
136 567 147 296
132 567 147 295
132 567 145 295
207 549 207 303
150 561 177 301
132 566 153 296
133 554 144 298
134 557 139 296
138 567 143 293
131 568 134 291
130 569 124 288
128 569 118 284
124 570 114 282
119 570 111 281
125 572 108 279
155 567 153 282
239 550 213 281
133 569 122 277
127 572 112 279
121 572 110 279
125 570 112 281
123 570 111 280
144 566 142 279
125 567 113 277
119 567 106 275
119 564 103 276
119 563 102 276
121 564 101 276
142 545 157 296
125 557 109 278
121 561 108 278
113 562 105 275
128 557 117 282
124 559 107 277
124 559 106 277
104 564 104 276
121 558 111 279
120 559 111 279
127 558 153 301
199 517 232 306
119 550 128 279
113 550 118 270
104 550 117 270
114 555 110 262
99 553 112 264
108 551 112 264
113 548 118 262
146 546 163 268
120 550 121 261
132 548 138 267
124 551 137 278
123 549 136 283
119 552 130 281
112 551 172 309
117 545 169 310
104 548 168 311
108 550 158 307
104 549 158 309
0 640 0 400
120 545 172 313
131 546 166 310
132 548 165 305
129 546 161 307
127 549 159 310
117 547 162 310
109 546 162 311
122 549 161 308
110 547 161 308
105 547 161 309
221 532 254 318
101 534 216 367
140 545 209 333
135 547 207 332
124 547 204 334
133 548 205 343
126 546 203 341
135 545 202 340
134 543 202 339
132 546 202 341
183 506 251 343
136 545 208 348
137 551 204 347
137 552 207 348
144 552 221 347
130 552 220 348
121 551 223 361
171 550 220 345
124 551 220 355
111 552 221 367
133 552 220 345
119 552 220 356
107 552 220 370
107 552 220 370
156 551 220 345
141 552 219 343
138 553 219 344
120 553 219 365
119 553 220 362
208 513 251 336
159 550 217 337
148 552 214 337
138 554 209 331
146 554 207 331
142 554 206 329
138 556 202 328
132 556 200 327
132 556 201 327
131 556 201 328
130 556 200 327
132 557 198 326
126 558 195 323
138 557 197 325
281 477 270 319
