110 511 257 388
130 497 280 382
109 518 258 389
119 531 239 380
110 528 238 384
112 521 238 382
111 517 237 383
110 520 236 384
110 522 237 383
110 519 237 382
117 523 236 380
113 526 237 381
117 527 237 380
113 528 237 381
0 640 0 400
116 519 253 380
112 529 245 380
120 523 239 375
110 525 239 381
117 523 238 376
119 531 238 376
119 529 239 378
117 529 239 380
120 525 239 375
119 526 239 379
118 529 240 379
104 497 260 389
120 529 245 378
120 528 242 374
123 525 241 375
121 525 239 373
122 527 238 373
121 530 237 372
123 532 236 372
123 537 237 372
126 536 237 371
123 529 237 372
122 532 237 372
122 536 237 372
121 530 237 373
122 535 237 373
122 524 237 373
120 536 236 373
123 533 236 373
125 525 236 372
126 532 230 369
124 539 222 366
124 536 216 360
128 536 209 355
126 535 205 350
125 537 203 351
125 533 203 351
122 533 204 355
124 536 204 354
120 532 204 356
124 533 204 354
127 540 204 351
128 531 203 351
127 532 204 350
124 538 202 349
130 536 201 347
126 536 199 346
127 532 196 341
131 531 195 338
126 532 195 341
127 536 195 339
125 534 195 340
128 532 194 338
125 529 193 339
128 528 193 335
126 527 193 340
129 530 193 339
127 531 194 339
128 529 197 340
125 535 199 344
124 534 201 345
125 523 203 345
126 529 205 347
126 532 206 349
123 534 207 348
124 533 206 352
122 533 206 353
123 528 206 348
124 528 206 348
120 531 206 354
120 534 206 355
121 530 207 353
122 533 212 357
112 524 218 367
112 530 221 370
112 524 227 373
107 528 232 384
108 526 234 383
102 522 235 384
111 525 235 382
107 520 236 383
109 527 236 383
103 487 251 389
103 517 242 389
108 521 240 386
108 525 240 384
111 527 240 383
107 532 244 388
112 523 251 387
113 503 256 390
114 509 261 391
119 510 265 385
108 508 268 391
91 508 268 391
98 505 269 390
97 507 269 389
92 508 269 390
94 510 269 391
94 510 269 391
95 509 269 391
100 509 269 388
92 509 269 393
101 507 273 393
103 513 274 393
106 507 277 393
109 506 280 392
109 511 283 393
108 510 283 393
109 513 283 392
109 513 284 392
109 508 284 394
112 513 283 392
108 511 283 392
108 511 283 392
109 513 283 393
112 511 283 393
114 512 282 392
112 510 278 392
105 514 277 393
109 518 274 392
112 515 272 391
112 511 272 391
106 513 271 393
111 518 270 393
108 516 269 393
109 514 269 391
107 516 269 393
108 516 267 391
161 490 292 379
126 516 273 380
112 518 267 389
