228 582 184 294
220 582 183 291
223 579 195 293
212 586 167 284
211 587 162 281
200 587 159 281
200 587 162 283
205 584 193 291
197 588 164 288
197 588 160 285
199 589 157 281
213 585 172 277
209 587 167 281
201 589 159 280
199 589 155 280
198 590 152 281
196 589 152 279
212 575 202 284
219 585 179 283
201 588 161 283
198 590 155 283
195 590 150 283
196 589 150 283
194 590 150 284
195 590 148 283
196 590 150 283
212 586 186 287
198 589 157 283
197 591 150 285
236 583 207 284
200 591 156 285
198 592 151 286
199 592 147 285
206 587 170 283
241 586 195 286
199 591 164 286
196 592 147 284
195 592 144 285
195 592 143 285
195 593 142 285
196 593 142 285
197 593 137 281
196 594 130 280
196 594 126 278
196 595 121 276
211 589 168 275
195 594 119 275
194 595 113 273
203 593 127 268
199 592 138 277
197 593 131 277
196 594 121 276
195 594 118 275
195 595 117 276
202 591 147 274
196 593 129 277
195 595 118 275
194 594 113 271
194 594 109 271
193 594 107 270
192 594 103 267
191 594 102 268
192 594 101 267
191 594 99 265
192 593 100 267
0 640 0 400
215 585 189 275
194 593 113 268
193 593 105 266
192 593 104 265
190 593 104 264
192 593 102 264
190 593 107 264
191 593 110 264
190 593 112 263
189 593 115 263
188 592 117 265
188 593 116 263
188 593 116 264
188 593 116 263
188 593 116 263
189 593 116 263
211 581 201 274
206 580 185 271
193 592 128 266
189 592 121 265
189 593 119 264
194 591 126 264
202 588 154 269
193 590 135 271
192 591 136 272
192 590 142 276
192 590 144 279
192 589 147 282
191 589 147 282
195 587 163 284
196 586 167 287
192 588 156 285
192 588 153 284
196 583 199 291
193 588 162 285
194 586 166 290
192 586 169 295
194 586 173 299
195 585 180 301
195 585 180 302
193 585 186 307
192 584 186 306
192 584 187 307
194 584 191 310
194 584 191 311
192 584 191 311
194 584 190 310
192 584 190 309
194 584 191 311
191 584 191 310
197 584 195 312
199 582 196 313
200 583 197 315
208 584 198 318
203 584 197 319
208 584 200 320
206 584 201 320
208 584 202 320
216 584 206 320
217 584 204 318
216 584 206 319
218 583 207 319
221 583 213 320
222 583 214 320
223 583 215 320
226 584 212 316
229 584 210 313
222 585 203 312
224 585 198 309
214 586 194 307
215 586 192 307
213 586 192 307
207 586 189 305
208 586 191 307
209 586 188 306
207 587 187 306
209 586 188 307
200 586 189 307
243 577 233 309
234 584 210 307
