114 552 166 271
96 553 161 271
109 551 147 266
121 549 143 265
121 552 143 266
115 551 145 267
112 551 146 267
113 546 146 268
114 548 145 268
114 549 145 268
107 552 145 268
111 548 144 267
112 550 144 268
113 552 142 268
122 553 135 267
120 550 136 267
120 554 136 267
120 554 136 267
121 548 136 267
119 551 137 266
120 552 137 267
120 547 137 267
121 552 135 266
122 555 134 265
121 553 135 265
121 551 136 266
119 556 136 266
120 556 134 265
119 551 134 265
116 555 134 264
116 558 132 264
114 559 131 263
113 562 131 263
113 563 131 263
115 561 130 263
110 562 130 263
112 559 129 262
113 560 130 263
112 560 129 263
114 561 130 263
111 560 130 262
111 559 130 261
113 559 128 260
115 565 119 257
117 561 113 255
118 564 104 252
120 562 98 249
120 563 94 248
120 565 95 248
120 561 95 248
121 562 95 248
121 561 96 249
120 561 96 249
120 562 97 250
117 561 96 249
123 561 97 248
119 559 97 249
120 560 95 250
117 557 94 249
120 560 93 249
120 561 93 249
119 557 92 251
119 560 92 250
120 559 91 249
120 560 92 249
119 566 92 249
120 562 92 249
121 560 92 249
120 563 92 249
120 564 92 248
120 564 91 248
118 561 93 250
120 558 95 252
118 562 98 253
117 559 101 255
118 561 103 256
117 560 104 256
118 559 104 256
119 559 104 256
118 557 105 256
116 559 105 256
117 559 105 256
118 558 104 255
117 558 105 256
116 556 106 257
116 558 106 256
116 556 105 256
116 559 109 257
116 556 117 259
143 549 180 264
121 531 149 265
120 550 145 268
121 548 146 269
120 547 148 269
120 546 148 269
120 551 147 269
120 547 147 269
120 545 147 269
119 548 147 269
120 545 146 269
120 545 145 269
119 548 145 269
119 545 149 273
122 546 161 277
114 548 165 280
110 545 171 284
110 545 173 285
106 544 176 287
113 550 179 286
118 549 180 286
106 546 179 285
0 640 0 400
142 550 217 285
126 539 193 284
117 545 187 284
119 545 185 284
121 548 185 285
111 554 187 286
123 553 189 286
122 554 191 287
120 554 192 286
123 549 194 287
122 550 194 287
121 548 193 287
122 552 195 287
126 553 195 287
148 549 212 289
162 547 232 289
131 553 204 287
128 551 201 287
134 553 201 287
138 550 200 286
127 552 199 284
123 557 195 281
119 555 192 279
108 556 181 276
114 557 180 275
116 557 178 275
109 553 177 276
116 559 177 276
111 559 179 276
0 640 0 400
188 527 233 283
119 555 181 275
108 555 181 275
107 558 177 275
119 558 186 276
