121 542 164 325
122 543 164 325
122 545 164 324
127 548 169 325
128 549 173 325
128 548 174 327
129 549 174 326
130 548 175 327
130 537 175 328
127 551 176 329
128 527 176 329
127 537 176 330
128 537 176 329
127 535 176 330
125 541 177 331
128 548 178 330
125 538 178 331
128 539 178 331
129 539 178 330
126 535 179 331
130 535 178 330
128 536 179 331
130 529 179 329
125 542 179 332
125 535 179 332
128 546 179 331
128 545 180 331
128 538 179 330
128 538 179 329
130 539 178 327
131 543 178 325
132 545 179 325
132 551 180 324
129 549 180 325
132 548 178 325
132 547 178 325
130 549 178 325
130 544 178 325
131 549 178 325
130 552 178 326
130 545 178 325
129 549 178 325
128 551 168 323
126 545 163 322
120 548 157 322
121 546 153 320
121 544 152 320
119 544 151 321
120 548 151 321
119 543 151 320
122 547 150 319
122 548 150 319
121 545 151 319
122 544 150 319
120 545 150 320
121 543 147 320
118 543 144 319
116 542 139 317
117 542 136 317
113 541 134 317
114 537 133 316
114 541 133 316
116 540 133 315
115 541 133 316
116 542 133 315
114 537 133 317
115 538 133 316
115 541 133 317
117 541 134 316
116 537 138 319
117 536 142 319
117 534 143 320
116 534 145 321
119 534 146 322
119 535 147 321
121 539 147 321
119 537 147 321
120 530 147 320
119 540 147 322
120 537 148 321
117 543 148 322
118 542 149 322
119 540 150 323
122 546 157 323
123 536 166 325
121 545 172 331
124 548 177 331
127 537 178 332
123 537 179 334
125 541 180 332
123 537 179 333
128 538 180 332
125 543 179 332
124 540 180 333
127 546 180 333
123 537 180 334
121 538 181 334
124 546 181 334
127 535 183 335
128 523 189 338
130 525 197 339
133 524 208 342
135 522 212 343
138 522 215 342
138 521 216 342
140 523 217 341
140 522 217 341
140 545 217 341
140 522 218 342
142 521 218 341
142 523 218 341
142 519 218 342
142 521 218 341
142 521 218 341
141 521 219 341
142 521 219 341
144 549 220 340
143 520 221 341
148 521 222 339
147 521 222 340
146 526 224 340
147 524 225 341
147 521 225 340
148 521 226 340
152 520 227 339
148 524 227 341
151 521 227 340
149 523 227 341
150 520 228 340
153 522 228 339
152 521 227 339
152 523 226 338
155 522 225 337
160 521 224 334
160 525 222 334
158 525 220 333
163 528 217 329
148 538 211 331
147 531 211 331
143 542 207 333
141 530 208 334
144 530 208 333
146 533 208 333
146 533 208 333
141 544 204 332
132 542 189 329
