124 534 158 320
121 545 155 321
120 542 154 321
132 525 182 330
131 525 180 329
130 523 180 329
130 526 180 330
132 523 180 331
125 526 180 332
127 525 181 332
125 533 181 332
128 523 180 331
125 524 180 331
128 526 180 331
127 523 180 332
128 523 181 331
127 523 181 332
128 523 183 331
130 522 183 331
127 526 183 333
131 525 183 331
131 523 183 331
129 524 183 332
127 531 183 333
128 543 183 332
131 526 182 332
130 526 183 332
129 523 183 332
128 540 181 331
131 531 181 329
132 543 182 328
134 548 182 325
134 550 184 326
135 550 184 325
134 548 183 326
133 552 184 327
133 551 184 327
134 552 184 326
131 549 184 328
133 552 184 327
133 552 184 326
130 553 183 329
134 552 182 325
132 549 177 324
127 547 171 324
128 547 167 322
125 545 163 321
122 547 158 320
120 545 156 321
120 548 156 320
122 549 155 319
121 549 155 319
122 544 152 317
122 547 152 317
122 544 151 317
122 543 150 317
123 546 152 317
124 544 152 317
121 538 153 318
120 536 149 317
119 541 147 318
118 541 145 318
119 544 145 318
117 543 144 318
118 542 142 317
118 543 142 317
120 541 142 317
118 543 142 317
121 543 142 316
120 535 142 316
118 540 142 317
118 542 145 318
116 542 146 319
118 538 148 319
121 544 150 318
120 542 152 318
119 542 153 319
122 543 154 318
119 538 153 320
121 539 153 320
122 543 154 318
120 544 154 319
120 543 154 319
120 542 154 320
122 542 154 320
120 544 154 321
122 542 154 320
121 546 155 320
123 545 160 322
123 544 163 323
125 540 167 324
127 535 173 328
127 536 176 331
124 543 177 332
123 539 178 333
122 540 178 334
123 536 178 333
125 549 179 333
124 539 179 333
124 544 178 333
124 536 178 333
121 535 178 332
136 524 190 334
134 525 193 336
130 525 197 339
132 523 201 340
131 528 203 341
132 527 205 341
132 525 205 341
133 524 207 341
135 527 208 341
136 528 210 341
135 527 209 341
136 527 210 341
137 527 212 341
138 527 213 342
140 527 215 341
141 523 218 341
143 526 221 341
146 527 222 341
149 527 224 340
147 526 224 340
147 526 225 340
147 525 225 340
148 527 225 340
147 525 225 341
150 523 225 340
149 526 225 339
149 523 225 340
150 525 225 337
153 526 223 336
155 524 221 334
153 528 219 334
154 530 217 333
155 529 216 331
154 529 216 332
151 530 215 333
150 528 215 333
148 530 214 333
151 529 214 332
150 533 214 332
149 530 214 333
151 529 214 332
149 527 213 332
152 530 213 331
149 530 212 332
149 532 211 331
