138 554 152 276
139 548 144 277
136 547 153 285
137 546 155 287
137 547 157 288
134 550 158 288
138 547 160 289
137 555 161 288
138 551 162 289
137 549 163 289
137 553 163 289
137 552 164 289
140 549 164 289
136 551 167 292
138 552 166 292
137 552 165 292
137 550 165 292
139 550 165 291
135 549 165 291
139 550 164 291
136 551 164 291
138 551 165 291
138 550 164 291
134 551 164 291
137 550 164 291
136 551 164 291
137 548 164 291
133 551 164 291
138 556 164 290
138 553 163 290
134 551 163 290
136 549 163 290
141 550 163 290
137 554 162 289
142 546 161 289
139 551 160 289
136 551 159 289
142 549 159 289
140 551 158 290
138 550 157 289
139 544 156 289
140 552 156 288
137 549 155 288
137 548 154 288
140 549 149 283
137 549 143 281
137 547 138 278
139 552 134 275
138 550 131 274
139 550 129 273
138 545 131 274
144 548 149 277
143 548 147 275
143 554 144 278
144 553 142 278
145 554 139 277
146 556 165 281
140 550 141 276
138 552 136 273
140 558 134 274
140 554 132 273
138 552 130 271
138 552 129 271
140 548 128 270
138 551 128 269
138 554 129 271
138 546 129 270
140 549 129 271
141 547 129 270
140 553 131 273
139 553 131 274
139 546 133 272
141 552 133 273
141 558 135 274
140 553 136 275
139 548 139 276
142 550 141 277
139 547 144 278
141 550 143 278
136 550 142 277
143 550 150 279
140 549 148 279
144 546 158 287
145 550 176 308
141 539 191 320
141 542 192 322
141 540 195 324
144 534 199 329
146 534 209 332
144 530 215 336
142 532 219 342
136 529 225 345
139 535 231 346
139 529 233 345
138 529 234 345
138 524 233 343
146 524 235 344
152 522 241 348
150 525 245 347
155 524 246 348
152 521 245 348
144 523 241 345
147 521 243 348
147 525 246 349
147 530 255 353
132 544 226 319
142 546 225 324
143 532 251 347
141 529 259 355
144 528 260 354
110 526 266 361
120 522 270 363
118 515 279 373
117 514 284 370
150 524 269 352
131 516 240 340
130 525 243 339
131 533 244 343
131 534 241 346
135 542 240 343
140 538 242 343
138 542 243 344
140 542 244 342
138 540 243 342
140 536 243 342
139 543 244 342
140 538 243 342
140 538 241 345
131 533 251 349
135 528 271 364
128 524 280 368
130 523 283 367
133 521 282 365
148 523 280 365
134 527 279 367
133 526 286 374
125 523 288 374
136 523 286 375
136 525 288 376
123 521 287 374
128 525 281 371
131 528 278 369
124 530 273 367
134 531 268 364
145 533 261 361
132 533 255 355
