85 537 192 352
85 537 192 351
85 538 192 351
86 536 192 351
85 536 192 352
83 536 192 354
83 535 192 353
84 537 193 352
83 537 192 352
86 538 192 351
84 538 191 351
83 538 191 351
85 537 190 351
85 538 190 350
82 535 190 351
86 537 200 357
85 537 199 358
84 537 199 358
84 538 199 358
84 535 199 359
84 537 199 358
85 536 199 358
83 536 199 359
84 536 199 359
84 536 199 359
84 536 199 359
84 538 199 359
84 537 199 359
84 539 199 357
86 541 199 357
88 542 205 356
90 544 205 355
89 543 205 355
88 544 206 357
89 544 205 356
89 543 205 356
133 528 253 361
136 522 257 363
112 536 225 355
108 537 219 354
96 538 211 357
95 538 209 357
94 539 208 355
92 541 198 351
94 542 196 349
91 540 192 348
92 541 190 347
91 542 186 345
93 542 186 343
90 543 185 345
89 542 185 345
90 543 184 344
89 542 184 344
88 543 184 344
88 543 184 344
90 543 184 343
89 543 184 343
89 541 183 343
90 542 181 342
90 539 181 343
90 536 180 342
88 539 180 343
90 537 179 341
88 540 178 343
90 539 178 342
89 538 178 342
88 539 178 342
86 539 178 343
87 541 177 342
88 537 177 342
88 539 177 342
86 540 177 342
88 539 181 344
86 537 182 347
85 535 184 349
83 534 187 351
84 536 190 354
84 536 190 354
84 535 189 354
83 535 189 354
84 530 189 354
81 536 189 355
83 537 190 355
84 535 190 353
83 532 190 355
82 532 192 357
82 537 197 362
81 538 201 365
82 535 207 369
84 536 208 370
84 534 213 374
85 537 213 373
84 535 213 374
84 535 213 374
86 536 214 373
84 535 213 374
84 535 213 374
84 536 213 374
85 536 213 373
84 534 214 374
85 534 215 374
0 640 0 400
122 493 266 381
119 504 259 378
113 506 258 384
118 507 260 383
115 509 260 385
119 510 259 379
108 508 258 387
115 511 258 384
112 510 258 384
111 509 258 387
117 513 258 383
118 512 258 381
119 513 258 379
118 511 259 380
116 513 260 384
118 513 264 382
128 515 266 379
130 517 268 380
134 517 269 378
136 517 269 379
204 443 309 373
176 469 289 373
167 485 284 371
165 494 282 372
164 498 280 371
162 498 280 372
164 501 279 371
164 500 278 370
163 500 279 371
163 501 278 372
164 503 277 370
162 513 274 366
160 512 272 365
156 522 266 363
150 524 261 362
146 523 260 363
146 522 259 364
145 522 260 365
143 524 260 365
141 523 259 366
143 522 259 365
143 524 259 365
142 522 259 365
146 521 261 366
