117 538 186 340
117 538 188 345
97 535 182 338
93 537 179 341
94 535 179 342
92 536 179 343
100 536 175 339
101 538 180 345
92 536 171 342
92 537 173 341
92 536 174 339
72 534 173 341
76 535 173 342
87 536 170 340
87 537 169 339
93 538 168 338
95 537 168 337
94 537 169 335
91 537 168 335
93 536 168 335
91 537 168 332
93 538 169 334
98 538 169 332
93 537 170 335
99 538 168 331
101 539 168 328
99 538 168 330
91 538 169 334
91 538 170 333
87 537 171 330
86 538 171 331
91 540 171 332
91 537 170 333
95 538 170 331
93 539 170 331
90 537 170 331
86 539 170 331
92 539 171 332
86 537 171 332
96 538 170 331
90 538 168 331
100 537 158 324
99 539 154 322
98 537 149 323
100 537 145 327
100 539 145 318
103 537 142 313
98 540 141 316
96 541 137 316
100 541 135 314
99 539 133 314
94 541 131 315
98 542 132 315
97 540 131 315
98 541 131 314
96 539 129 316
93 536 126 315
97 536 124 318
94 535 123 318
93 534 122 313
96 535 122 316
96 535 123 316
98 534 123 316
97 535 124 316
98 535 124 314
96 536 125 316
98 535 125 317
95 534 125 317
98 536 127 316
96 535 130 313
101 533 132 316
102 535 134 315
101 536 134 315
101 537 134 316
99 537 134 314
100 535 135 318
99 536 134 315
99 537 134 317
103 536 134 313
104 535 134 316
100 535 135 314
102 539 135 312
102 537 136 316
101 538 136 315
102 537 137 314
98 536 139 315
107 538 146 315
108 539 149 316
99 538 153 320
108 538 159 320
103 538 166 324
104 539 167 325
104 539 164 323
105 540 165 323
104 539 168 326
107 540 168 322
105 539 169 324
103 539 170 327
108 540 171 327
106 540 174 325
110 539 177 326
104 540 177 325
105 539 180 331
108 541 185 331
109 541 190 330
111 541 192 330
112 541 193 331
115 540 193 331
115 540 193 329
110 542 193 329
115 541 193 328
120 540 195 326
118 541 194 324
119 541 194 324
110 539 196 328
117 540 196 324
122 540 197 325
117 539 197 323
122 541 200 325
124 541 201 323
125 539 202 323
126 538 203 324
126 538 203 323
125 539 203 323
132 542 207 319
140 540 212 317
142 542 216 319
139 543 217 319
137 544 215 319
146 542 216 317
145 543 212 316
138 542 214 318
130 538 204 316
132 536 208 317
129 540 206 317
124 537 203 321
124 538 200 317
122 533 199 321
118 535 198 321
116 534 196 323
113 536 195 323
111 537 195 321
113 536 195 320
106 538 194 321
111 535 195 319
111 537 193 319
110 535 193 319
