10 544 149 300
9 543 145 299
8 546 138 299
8 543 129 297
9 543 129 297
8 543 129 297
9 544 130 296
9 543 130 297
9 543 130 296
9 543 129 297
8 543 129 297
10 543 129 297
10 543 129 296
10 543 129 295
10 543 129 295
8 543 128 296
10 543 128 295
10 543 128 295
9 543 129 295
10 544 129 295
9 543 129 295
9 543 129 295
10 543 129 295
10 543 129 295
9 543 129 296
9 543 129 296
8 543 129 296
9 543 128 296
8 543 128 297
8 542 127 296
10 542 127 296
9 541 127 296
9 542 127 296
9 542 127 296
11 542 128 297
10 542 128 297
12 543 128 295
10 542 128 296
9 542 128 297
11 542 128 297
12 543 117 292
13 542 108 289
11 542 100 287
6 540 93 285
6 540 85 283
7 541 82 283
6 541 81 283
6 542 81 283
6 541 81 283
8 541 81 283
9 541 81 283
6 541 81 283
6 541 81 283
6 541 81 283
6 540 80 283
5 540 80 282
5 540 73 280
5 541 70 277
5 539 68 276
5 540 65 276
6 540 64 275
8 540 64 275
7 540 64 276
6 540 64 275
6 539 64 276
7 541 64 276
7 541 64 276
7 540 64 276
7 539 64 276
7 539 64 276
7 541 66 276
6 539 68 277
6 540 70 277
6 540 73 277
8 540 75 278
8 541 77 279
11 541 78 279
9 542 78 279
8 542 78 279
9 542 78 279
9 541 78 279
9 542 78 280
9 542 78 280
9 543 79 280
9 543 80 280
10 543 81 280
9 544 89 283
10 544 97 284
9 545 105 287
8 544 110 289
10 545 118 291
12 545 121 291
10 544 121 291
10 545 121 291
10 544 122 292
10 545 122 292
10 545 123 292
10 545 124 293
10 545 126 293
9 546 137 297
8 546 144 299
8 546 152 301
8 546 161 303
11 546 170 307
8 546 174 305
10 547 175 305
9 546 175 305
9 547 175 305
9 547 175 305
8 547 176 305
10 546 176 305
10 548 176 305
11 546 178 306
10 545 181 307
11 544 185 309
12 544 186 309
22 544 189 311
27 544 193 312
31 544 195 312
31 544 197 312
34 545 198 312
33 544 198 313
37 544 198 312
33 544 197 311
35 543 198 312
29 543 198 312
34 544 198 312
33 544 198 312
37 543 198 312
28 544 190 307
28 544 186 305
23 543 181 303
20 543 178 301
25 543 177 299
24 543 177 300
19 543 177 300
19 543 177 301
21 543 177 302
21 543 177 301
18 543 178 303
24 543 178 300
23 542 178 300
23 543 178 301
23 543 177 299
18 543 174 299
17 543 175 300
