25 558 152 303
27 558 152 300
50 557 150 293
48 557 149 295
48 556 147 293
59 557 144 289
59 556 144 287
67 557 145 288
51 556 145 291
42 556 141 290
61 556 140 285
63 556 140 286
45 557 140 286
43 556 142 289
51 557 142 289
73 558 143 286
57 557 143 288
61 557 144 291
66 556 139 286
69 557 137 285
50 556 140 288
61 558 140 287
43 558 145 291
50 558 145 290
54 559 146 290
56 558 146 290
53 558 146 290
50 558 145 290
51 557 146 291
46 557 146 290
40 558 144 292
28 557 143 296
35 558 143 293
31 556 142 295
47 559 141 290
42 558 140 290
44 560 140 290
39 558 140 293
30 558 140 294
22 559 140 300
34 559 140 292
30 559 142 295
51 559 141 290
79 558 116 278
86 559 108 277
91 560 101 275
91 556 97 273
88 556 94 275
89 554 93 273
91 555 93 273
89 556 93 274
88 558 93 273
90 556 94 273
88 559 93 273
92 556 93 272
90 556 93 273
86 557 94 274
90 559 94 274
90 555 90 272
91 554 88 271
89 557 86 271
91 554 84 270
88 556 84 271
90 553 84 271
90 550 85 272
84 554 82 271
54 555 82 272
88 554 82 270
54 553 81 271
89 553 81 269
85 555 81 270
92 554 81 269
57 552 81 270
89 555 81 270
91 551 82 270
59 553 83 270
92 556 96 275
92 556 97 276
90 559 98 276
93 557 99 277
92 557 98 275
90 553 101 277
88 553 101 278
91 553 100 277
92 558 98 276
92 556 101 277
92 555 99 275
92 556 97 275
93 555 96 273
92 557 101 276
91 559 119 283
90 559 125 285
96 559 132 285
97 558 137 286
96 558 140 287
91 559 142 287
90 560 143 286
95 558 141 285
94 558 141 286
95 557 142 287
92 561 141 288
95 559 142 286
94 560 142 286
98 560 144 285
81 558 149 288
68 559 156 290
81 558 172 296
44 559 176 307
34 559 178 313
84 560 176 296
41 560 175 307
84 559 174 296
89 560 175 296
36 561 175 312
95 561 177 295
95 560 177 294
97 560 177 292
101 560 180 292
108 559 182 291
109 560 187 293
108 559 192 294
110 559 194 294
110 560 194 293
112 559 194 294
108 558 195 294
120 559 195 290
117 559 194 291
116 559 193 289
112 559 194 291
114 559 194 293
110 559 194 293
123 559 194 288
119 559 194 289
113 559 194 291
116 560 185 286
123 560 183 284
123 560 180 283
118 560 177 284
122 561 175 283
121 561 176 284
110 562 176 286
112 561 176 284
122 561 176 283
111 561 176 287
112 561 177 285
113 561 177 288
112 561 177 287
114 561 177 285
108 561 178 288
