54 562 151 304
56 565 152 303
56 559 142 301
38 562 130 295
56 562 130 297
56 563 130 296
30 562 129 295
30 561 130 296
55 561 129 295
37 561 128 294
42 561 128 294
52 557 127 293
40 560 127 295
14 563 127 295
29 564 128 294
50 560 128 294
21 560 127 294
28 562 127 294
35 561 127 293
35 561 128 294
14 560 127 294
22 561 127 293
28 563 129 294
33 558 131 295
37 561 134 296
23 564 134 297
54 563 133 297
51 560 132 295
53 561 132 296
43 556 131 296
48 554 130 295
36 559 129 293
54 553 130 292
41 553 129 293
48 555 130 295
50 557 129 293
36 553 129 293
47 553 129 292
36 554 129 295
50 554 128 293
52 554 128 294
30 554 128 292
51 559 128 294
49 555 129 293
55 557 117 289
24 564 107 286
50 558 102 281
47 564 90 276
43 561 77 270
38 564 77 270
29 558 78 272
44 562 78 271
42 562 79 272
45 563 79 272
43 560 78 271
44 561 78 271
45 562 79 269
45 557 79 271
42 558 81 273
49 559 82 271
45 559 81 270
42 560 81 270
38 556 76 270
36 556 69 269
43 554 68 265
40 557 69 267
41 557 69 269
42 557 70 268
39 554 70 267
40 557 70 267
40 555 70 268
33 555 72 269
41 557 71 269
37 555 73 269
42 552 76 270
42 554 81 272
30 553 83 277
37 554 83 276
31 554 85 277
30 554 85 277
31 552 85 277
27 553 85 278
28 551 85 279
30 553 85 277
34 554 85 277
32 553 84 277
39 555 85 276
31 552 85 278
31 553 90 280
39 561 99 284
40 559 106 288
45 562 112 290
28 559 116 296
19 556 124 297
24 562 126 296
20 564 126 296
22 553 127 299
24 556 128 296
21 560 128 297
13 557 134 307
14 551 136 306
8 552 146 312
6 553 147 312
31 555 167 317
26 558 169 315
37 561 176 313
32 559 175 312
24 559 180 313
32 555 182 318
25 556 184 317
30 555 185 316
28 557 187 318
30 556 188 316
39 558 189 315
36 558 191 324
38 556 194 324
45 558 197 321
56 559 199 316
56 559 201 323
64 556 204 321
68 558 205 321
73 557 207 317
73 556 208 317
75 558 209 317
72 557 209 320
73 559 209 318
73 557 209 320
72 558 210 319
74 558 209 319
76 558 209 318
77 559 210 318
78 560 210 318
81 558 208 317
84 558 206 314
82 559 202 314
82 556 198 311
77 557 192 310
62 558 187 312
68 557 187 309
69 557 187 310
69 560 188 311
67 557 188 310
69 557 189 311
69 559 188 311
70 560 188 311
68 557 187 311
65 556 185 312
