0 640 0 400
0 640 0 400
96 559 188 345
98 562 172 341
100 562 174 343
100 561 173 343
99 562 171 343
101 562 172 342
97 562 171 345
98 563 171 344
99 562 171 346
0 640 0 400
97 563 171 345
93 562 169 345
99 562 170 343
100 562 170 343
96 562 169 344
100 563 169 342
98 563 168 342
96 563 168 343
98 563 169 342
97 563 169 343
96 563 169 344
98 562 169 343
97 564 168 343
94 564 168 344
95 562 169 343
96 562 168 341
97 562 168 341
96 563 168 340
97 564 168 339
96 564 167 339
95 565 167 339
90 565 165 339
129 558 201 329
96 565 164 337
95 565 163 337
96 566 162 337
94 566 161 338
92 566 160 339
92 566 160 339
93 567 155 336
92 568 148 334
91 568 141 333
91 568 135 331
91 569 132 328
91 568 129 328
90 569 129 331
90 569 129 328
91 568 129 330
92 566 136 329
89 568 125 327
89 567 124 325
90 568 123 325
88 568 122 326
88 568 122 326
88 566 121 326
89 564 120 326
88 566 118 325
90 565 117 324
89 564 117 327
89 561 116 325
88 560 116 327
103 565 147 328
92 566 114 321
89 561 113 324
91 563 113 323
89 566 113 324
88 561 113 324
92 557 117 323
90 561 120 327
92 566 122 327
92 561 123 327
93 566 127 328
132 548 200 324
96 563 128 326
94 563 127 327
104 550 145 324
134 545 198 318
97 564 132 325
95 561 126 324
94 561 126 324
95 563 126 325
96 564 126 324
97 561 133 327
100 561 142 332
98 565 147 334
99 563 153 335
100 563 157 339
99 559 160 340
99 560 160 340
99 562 160 340
99 559 160 339
100 561 160 339
98 559 159 340
99 559 160 340
99 558 160 340
98 558 160 340
98 557 161 341
100 557 165 343
104 563 178 345
105 563 182 347
101 563 193 349
98 561 200 350
101 560 204 351
103 561 205 352
104 561 206 351
140 548 225 339
105 559 204 350
106 559 204 350
107 559 205 350
106 560 205 350
107 559 208 349
108 559 208 349
115 558 209 347
118 558 216 351
124 558 219 348
116 556 224 359
118 557 226 362
110 556 229 366
152 557 231 342
101 556 232 372
140 557 232 347
148 557 232 343
141 556 233 346
146 557 233 345
153 557 233 343
151 556 233 344
152 557 233 344
157 556 233 342
156 556 234 342
145 557 234 346
132 556 229 350
105 556 226 364
115 557 221 356
126 558 217 347
124 558 216 347
120 558 216 350
124 558 217 350
125 558 215 348
0 640 0 400
121 558 205 339
120 559 207 341
121 558 207 341
120 558 207 342
119 558 207 342
122 559 208 341
