99 582 68 210
99 579 69 209
106 580 69 208
103 581 69 209
106 581 67 208
95 573 112 227
114 583 54 203
116 579 47 200
112 581 52 202
114 581 55 202
103 581 64 209
96 580 66 211
98 582 66 210
106 582 69 209
39 566 156 259
100 579 64 211
108 581 61 207
96 581 65 210
105 580 68 210
102 582 68 211
101 581 69 211
106 581 69 210
104 581 66 210
105 581 68 209
106 581 68 210
146 574 144 219
110 582 70 209
120 583 58 201
121 583 58 201
116 579 59 201
116 580 58 201
122 583 57 201
116 582 57 201
120 582 57 201
114 581 57 201
117 580 54 201
119 581 54 200
113 581 53 201
113 582 53 201
119 581 53 201
123 581 58 201
127 581 73 202
116 582 54 200
103 583 22 195
88 583 17 195
81 581 11 196
72 582 9 204
78 582 8 197
86 582 9 195
80 582 9 198
78 582 9 198
80 582 10 197
80 582 9 199
81 582 9 197
81 582 11 198
71 582 12 207
83 583 9 195
81 579 4 194
75 578 2 197
110 576 1 189
76 578 0 195
71 577 1 199
105 574 1 190
108 572 1 189
60 578 3 202
57 576 0 202
67 568 0 195
42 565 0 201
41 566 0 201
115 578 25 189
25 569 1 210
115 569 26 191
99 575 20 192
42 569 6 204
34 570 5 208
49 564 6 201
104 573 10 189
135 568 116 201
127 575 86 199
58 577 22 204
103 568 13 191
45 569 12 202
39 567 12 202
103 569 14 191
57 569 17 204
63 574 29 208
57 578 36 210
96 578 41 202
95 577 48 203
57 577 49 213
55 578 50 215
100 578 53 205
109 578 58 204
99 577 56 205
108 578 58 204
107 575 61 205
106 576 60 205
103 575 61 205
0 640 0 400
115 579 83 212
118 578 94 214
125 572 109 218
138 576 126 221
133 578 132 223
135 576 133 223
132 579 131 221
137 578 132 221
132 577 132 223
139 577 142 223
143 572 143 222
37 569 195 284
32 534 185 276
141 572 143 222
144 572 129 225
139 577 128 220
134 576 134 223
141 573 140 224
120 574 144 228
94 569 158 246
27 572 164 275
129 573 150 229
128 575 151 228
131 572 154 229
123 573 152 229
132 577 150 227
119 573 148 230
120 574 148 229
131 573 151 228
143 576 152 229
151 572 157 231
142 577 141 227
125 580 128 223
105 579 112 214
92 579 101 220
100 583 103 219
93 583 107 221
90 582 108 226
95 582 110 221
91 582 111 220
96 580 114 221
83 582 115 231
74 580 115 234
80 580 116 231
106 580 120 222
100 581 122 226
