98 540 196 348
91 543 189 347
91 542 188 346
94 537 209 361
94 537 208 360
96 535 209 360
96 535 209 361
96 535 209 361
95 536 209 361
95 535 209 361
95 536 210 361
96 536 210 361
96 535 210 361
95 535 210 361
96 536 210 361
94 535 210 362
96 535 210 361
95 536 210 362
95 536 210 362
94 534 210 362
97 534 210 361
96 534 211 362
96 534 210 362
96 535 210 361
95 536 210 362
96 534 210 362
94 535 210 362
96 538 210 361
99 540 210 358
101 541 211 356
102 541 212 355
104 540 214 353
102 540 213 354
103 541 214 355
102 541 213 355
103 540 213 355
103 538 213 355
101 541 212 355
103 540 212 354
98 540 212 356
101 540 211 355
100 542 211 355
97 540 210 356
99 542 202 351
96 542 197 349
95 543 191 347
94 545 186 345
92 545 181 343
91 546 181 343
92 545 181 342
90 545 181 343
92 545 181 343
92 545 181 343
92 545 181 343
92 545 182 342
92 545 182 342
90 546 182 344
91 544 181 343
92 543 179 342
92 545 177 342
92 542 177 342
90 541 176 342
90 538 175 341
89 541 174 341
89 539 174 341
90 539 175 340
88 539 174 341
90 538 174 341
89 538 174 340
88 541 174 341
89 538 174 341
88 539 180 346
88 536 182 347
87 535 184 349
88 537 186 350
88 536 189 352
88 534 186 351
86 538 186 352
86 534 186 351
88 535 188 351
137 511 253 354
100 534 203 353
92 533 194 353
106 521 210 353
91 531 193 352
89 532 191 352
92 536 194 353
91 537 205 363
90 537 209 364
91 536 213 367
91 536 214 368
92 536 215 368
91 534 216 368
90 534 217 371
90 534 217 370
91 536 216 370
90 536 216 370
90 535 216 370
90 536 216 369
91 534 218 371
92 534 219 372
95 530 226 374
98 532 237 379
112 530 252 381
109 528 253 383
106 525 252 385
108 528 251 383
115 530 251 379
112 530 251 378
108 528 251 382
109 528 251 383
113 529 250 379
112 525 251 381
109 528 251 383
119 526 254 378
116 526 257 380
118 527 259 380
135 527 263 372
134 527 264 373
138 525 265 373
134 526 265 376
133 526 266 377
131 525 266 379
136 524 266 375
134 526 266 377
134 526 266 376
130 526 266 380
134 526 266 378
136 526 266 376
136 524 267 377
139 525 267 372
135 529 263 372
143 532 261 366
140 532 260 366
138 533 258 366
137 533 256 365
131 532 255 366
130 532 249 365
115 535 237 366
121 532 249 368
122 535 249 369
122 534 249 368
121 533 249 369
122 536 249 369
122 534 249 369
120 534 249 370
122 533 248 368
119 536 240 364
118 536 240 364
