103 547 104 252
102 549 110 253
106 546 102 252
103 546 95 251
106 546 96 252
108 549 99 257
107 546 99 257
105 545 102 259
101 544 105 263
104 544 103 261
102 546 103 264
109 546 108 266
114 544 122 269
106 546 111 271
107 547 111 273
104 547 112 273
110 548 115 276
108 548 116 278
107 548 115 276
107 547 115 276
106 547 113 276
107 547 113 276
106 547 113 276
108 548 114 277
132 547 173 284
121 546 138 278
114 549 122 278
117 547 132 277
110 548 116 274
0 640 0 400
112 549 121 275
171 551 208 284
106 550 111 272
111 551 130 275
123 547 147 275
107 553 110 271
105 573 98 267
104 562 102 272
107 561 107 277
106 561 107 278
105 560 108 279
104 559 109 280
105 557 105 277
137 494 171 252
0 640 0 400
101 555 86 271
99 557 76 269
0 640 0 400
133 557 181 289
0 640 0 400
104 554 93 275
102 553 92 275
104 553 91 275
104 553 92 277
107 552 116 283
0 640 0 400
104 553 103 280
104 554 98 281
106 555 96 280
0 640 0 400
0 640 0 400
101 559 78 275
0 640 0 400
104 553 79 270
103 543 76 258
0 640 0 400
104 547 84 264
108 552 104 276
105 547 85 265
104 547 82 270
107 555 94 277
107 552 94 275
105 547 84 271
105 546 82 271
110 553 104 279
105 547 85 271
105 549 83 273
106 548 84 272
109 549 100 275
103 551 83 273
102 551 83 274
102 548 89 272
103 545 87 268
109 551 110 276
104 545 93 270
104 545 91 268
104 547 90 269
104 547 92 271
110 550 113 279
106 545 97 273
104 546 92 273
0 640 0 400
107 551 103 277
106 548 101 275
105 544 94 272
0 640 0 400
134 552 197 293
107 551 103 276
105 546 97 272
0 640 0 400
156 481 224 281
119 555 145 288
119 550 131 281
156 471 211 265
115 549 146 288
110 548 130 284
0 640 0 400
0 640 0 400
115 546 150 284
116 548 140 283
115 549 136 283
112 548 135 282
110 547 135 282
110 547 134 283
112 545 134 282
110 545 133 283
156 473 211 265
113 548 141 288
110 547 157 293
115 548 166 298
112 546 170 301
113 549 172 303
114 548 175 302
112 547 172 302
112 547 171 301
112 547 170 301
112 546 170 301
112 548 170 301
112 548 170 302
112 546 169 301
110 548 169 301
110 550 170 302
113 548 171 302
0 640 0 400
146 539 209 305
130 546 192 306
125 548 192 308
126 548 192 307
123 549 188 306
0 640 0 400
164 473 239 292
150 538 218 304
130 547 197 305
127 549 192 304
124 550 187 304
125 549 186 303
125 550 186 302
127 549 184 301
0 640 0 400
133 547 190 300
127 547 180 299
179 497 230 274
106 552 139 292
104 553 149 296
108 552 156 297
107 553 156 297
105 552 158 297
108 552 158 296
104 552 158 296
108 553 157 295
106 553 157 295
