124 551 189 307
125 550 187 307
124 558 177 302
122 547 184 301
120 550 179 301
118 552 178 301
140 535 226 313
148 536 215 301
130 546 194 303
128 545 192 302
115 549 186 303
197 504 272 310
115 550 186 305
110 550 181 305
110 552 182 307
109 553 178 306
110 550 179 304
110 550 179 303
108 551 178 303
110 549 177 302
108 548 176 303
106 546 177 304
106 545 177 305
106 548 176 304
108 548 175 301
108 548 176 303
112 552 177 303
111 554 178 305
114 553 176 306
0 640 0 400
114 553 180 305
115 554 175 304
115 554 173 303
115 555 171 302
115 555 171 303
115 555 171 303
114 556 170 305
114 556 170 303
114 556 170 303
112 556 168 304
114 555 164 301
112 556 155 299
112 555 147 296
112 554 139 295
112 553 137 294
107 553 136 292
110 552 136 293
110 552 136 294
109 553 138 295
110 555 138 295
108 553 138 295
110 552 138 295
107 552 138 296
110 554 138 295
109 550 136 293
108 547 136 293
108 550 134 293
108 547 133 291
109 547 131 288
109 545 131 288
108 548 131 289
106 546 130 288
107 545 129 287
108 545 128 286
105 542 131 289
105 545 131 289
104 543 130 288
0 640 0 400
111 545 139 291
108 542 136 290
108 542 138 290
107 544 138 290
105 543 142 291
106 542 142 292
106 541 142 291
108 541 142 291
107 541 142 291
108 541 142 290
106 540 142 289
107 543 141 289
106 541 142 289
107 542 143 291
106 542 142 290
107 542 144 291
105 541 150 294
104 543 153 297
103 543 159 301
104 539 165 303
104 545 173 309
103 537 171 310
104 541 171 309
104 547 170 308
102 539 172 309
104 542 172 307
103 541 174 309
102 537 173 310
103 542 173 311
103 542 170 309
103 542 170 309
101 545 177 314
99 547 182 318
101 542 186 321
99 542 188 325
99 538 191 329
100 541 194 332
104 542 197 333
106 544 201 332
106 544 201 331
106 542 201 333
105 540 200 334
106 539 198 332
105 544 198 329
105 544 198 329
103 545 202 331
106 541 205 334
109 542 207 335
108 541 208 334
108 543 210 332
0 640 0 400
147 543 236 323
136 540 231 325
137 541 230 325
127 546 222 323
128 543 222 324
132 540 223 324
130 541 222 324
132 544 222 323
135 547 225 320
135 545 225 320
138 542 226 318
137 546 224 317
134 546 219 316
138 549 219 316
140 550 220 314
227 495 291 329
109 552 200 317
108 553 200 316
111 551 202 316
112 552 203 316
120 551 205 317
112 552 204 318
116 552 205 318
122 550 209 315
132 548 212 309
127 548 197 303
113 550 182 304
117 552 174 303
