78 485 164 324
87 485 159 317
83 486 162 318
81 485 168 329
77 485 171 332
77 485 173 332
79 484 176 331
83 485 178 331
82 485 177 325
82 486 177 328
78 486 177 326
81 486 176 329
78 486 166 325
80 486 170 323
80 486 178 324
82 488 180 324
81 487 179 328
80 488 178 328
77 488 172 324
80 489 174 325
78 488 174 322
79 489 174 321
77 490 174 321
80 489 174 321
79 490 172 323
78 489 172 321
80 489 172 319
78 490 173 320
78 490 174 325
77 489 174 322
78 489 172 319
74 487 171 323
76 487 170 321
77 488 168 319
84 488 147 314
80 489 163 313
76 488 163 315
76 487 162 315
78 489 147 313
78 488 164 315
78 489 165 314
78 487 165 315
78 488 165 316
78 489 165 313
79 488 163 313
81 487 151 308
84 486 147 304
83 487 142 302
83 486 132 296
82 484 115 294
79 485 115 297
78 485 112 295
77 485 111 294
78 485 112 296
81 485 112 294
80 485 112 295
82 485 113 293
80 485 112 294
77 485 113 297
80 485 112 295
80 486 110 294
78 486 107 290
76 486 106 290
72 485 105 292
74 484 104 291
85 486 111 289
78 485 116 295
79 486 107 290
77 486 106 291
129 483 193 282
127 483 181 285
77 486 112 296
76 485 110 294
76 485 110 292
73 486 109 294
78 485 109 293
74 486 109 293
79 485 109 291
77 483 114 297
77 483 140 308
83 483 133 298
77 483 134 301
76 483 137 306
77 483 134 304
76 483 133 303
74 483 129 304
79 484 120 298
78 483 111 293
90 484 114 291
89 483 114 294
91 483 114 294
93 483 114 293
79 483 118 295
75 484 143 313
72 485 146 315
69 484 147 319
73 486 129 313
71 485 126 311
73 485 128 314
70 487 130 314
109 489 219 312
76 484 145 316
76 485 139 316
74 485 140 318
74 485 145 317
74 485 144 316
74 485 138 317
78 484 153 332
93 488 190 341
103 487 194 342
108 487 201 348
114 486 210 355
109 488 215 354
115 489 213 356
80 487 191 343
104 486 185 344
103 486 185 345
104 486 190 347
106 487 200 351
94 488 195 349
81 487 173 342
76 488 174 344
91 488 212 356
123 490 224 363
116 489 229 366
107 491 231 364
112 490 234 366
112 491 234 363
89 492 234 366
96 492 236 365
120 493 237 363
118 493 237 365
117 490 230 350
105 489 227 348
118 491 231 349
101 491 221 346
100 492 215 345
61 490 186 334
72 491 191 333
52 491 179 332
53 492 178 332
70 490 185 334
70 491 189 335
65 491 189 336
71 490 191 334
70 491 190 334
58 490 185 333
61 490 186 333
68 490 186 333
