192 556 210 335
190 556 210 335
191 556 217 341
192 556 219 343
191 555 219 344
190 554 220 345
189 554 221 344
188 555 221 344
190 554 221 344
190 554 221 341
190 555 220 338
186 555 221 342
189 555 221 341
189 554 225 347
190 554 225 347
190 554 226 347
187 553 227 348
189 554 224 348
188 554 223 347
189 554 223 347
189 554 222 345
216 545 255 354
0 640 0 400
191 553 222 345
190 554 219 347
191 554 218 346
192 555 218 344
193 554 221 345
195 554 227 344
197 555 224 344
198 554 225 345
198 554 223 344
197 555 226 346
196 554 225 347
196 553 225 347
196 553 224 347
196 554 224 346
196 554 224 345
195 553 224 345
195 554 224 344
196 554 224 344
197 554 223 343
194 554 221 343
192 555 208 331
191 556 198 328
192 558 194 316
191 558 187 310
190 558 185 310
0 640 0 400
192 557 189 314
191 558 185 316
191 557 185 316
190 558 186 316
191 557 187 316
191 558 187 319
191 557 187 316
191 557 186 315
187 557 185 313
192 558 185 315
190 557 182 309
189 559 182 309
187 560 178 305
187 561 175 303
186 560 175 302
187 560 174 302
187 560 174 302
186 560 174 303
186 561 174 303
188 560 175 303
0 640 0 400
189 557 187 308
187 560 176 305
186 560 174 303
188 560 176 305
184 560 180 309
183 560 183 310
180 560 186 312
179 559 190 315
182 559 191 312
178 559 191 315
176 560 191 316
178 559 190 314
181 559 190 312
180 560 190 313
178 559 193 316
175 559 193 316
177 559 194 316
179 559 195 318
178 558 198 318
179 558 200 320
180 555 222 334
178 554 227 346
178 554 227 343
182 554 227 347
180 554 229 353
180 554 229 353
180 554 229 353
180 554 228 352
180 554 228 350
181 554 228 351
178 554 229 350
180 554 229 353
182 552 233 353
188 549 243 355
184 555 226 350
183 555 227 351
182 552 242 362
182 550 251 370
185 548 252 372
184 548 258 374
186 547 264 377
186 546 266 377
187 546 264 376
182 547 264 376
187 547 264 375
186 548 263 375
191 548 266 374
191 548 265 374
189 549 264 373
184 546 269 376
188 546 270 378
200 546 274 379
180 544 278 382
176 544 280 382
186 544 280 382
191 544 281 383
194 544 281 382
166 544 280 381
190 544 279 381
177 544 279 381
175 545 277 379
166 545 277 379
197 546 277 378
166 546 276 378
207 546 274 375
172 524 329 379
210 548 260 368
206 549 258 368
202 549 259 369
201 549 261 369
206 549 265 370
207 548 263 370
202 549 263 369
205 549 263 369
200 549 262 367
200 550 260 367
202 550 261 368
