44 513 175 337
41 522 175 340
43 523 173 337
40 512 172 336
44 524 175 337
41 522 175 339
43 519 174 338
42 524 174 336
42 523 174 338
41 518 173 339
42 518 174 339
42 521 173 338
40 524 173 339
39 513 172 339
46 521 173 339
41 516 173 339
45 513 173 338
47 516 173 339
43 516 173 338
40 516 174 340
40 513 174 337
42 513 173 338
45 518 174 339
40 513 174 339
47 522 174 340
45 515 173 338
46 521 174 339
45 517 173 339
45 512 172 338
45 520 171 338
40 505 170 338
41 508 169 337
45 501 168 335
56 510 187 338
50 506 179 337
47 507 176 338
45 508 175 339
42 505 174 339
49 507 174 338
43 504 174 337
41 505 174 339
46 506 173 338
39 520 156 335
35 518 138 331
39 512 129 324
36 513 126 326
36 515 125 326
42 515 128 325
39 513 128 328
33 512 129 329
28 510 129 331
36 511 130 330
30 523 130 330
36 516 130 329
30 513 131 331
31 515 132 332
32 513 129 331
40 509 125 325
39 516 123 324
41 521 123 325
37 517 122 325
43 520 122 323
40 515 122 324
40 515 122 325
40 517 122 325
40 517 122 323
40 519 122 325
41 519 122 323
39 516 122 326
40 515 122 323
40 516 123 324
40 519 130 327
23 519 130 328
32 521 131 330
39 526 141 332
35 527 140 332
41 529 141 331
38 525 141 332
41 529 140 331
41 523 140 331
39 531 140 331
40 526 140 331
41 528 140 330
40 527 140 331
34 516 140 332
39 534 149 333
37 531 153 333
40 520 154 334
38 530 158 337
34 528 164 340
43 526 165 338
34 525 165 339
40 528 165 339
40 528 166 339
39 527 167 338
39 526 168 339
41 526 168 339
42 510 168 338
41 532 169 338
44 524 172 340
42 531 176 342
42 527 182 344
43 526 193 346
56 526 196 345
43 529 198 347
51 533 199 345
50 526 200 345
43 529 200 346
52 527 200 345
52 526 200 345
50 517 201 345
57 526 201 345
55 516 202 345
53 524 203 347
54 511 204 347
55 524 205 348
59 494 206 348
59 505 208 349
63 499 208 349
61 492 209 349
63 491 211 349
66 503 212 349
63 502 211 349
64 506 210 349
63 502 211 349
61 493 210 349
67 500 210 348
62 510 210 349
68 505 210 348
64 499 208 347
63 510 207 347
58 496 206 348
62 493 205 345
63 500 204 346
76 493 224 345
71 496 213 344
71 501 210 346
71 498 209 345
68 501 209 345
70 494 209 345
65 500 208 345
103 520 246 346
92 515 241 341
73 494 213 343
69 492 211 343
68 496 209 344
68 498 207 344
