195 548 184 347
195 547 184 348
196 546 184 348
199 549 184 345
198 551 182 343
196 551 182 343
196 551 182 343
200 550 182 342
197 551 183 343
195 551 182 343
198 551 182 342
199 549 182 341
200 552 182 340
198 550 182 339
196 552 182 338
196 552 182 339
198 551 181 339
200 551 182 339
197 552 182 340
197 551 182 340
199 551 181 340
197 551 182 341
198 550 181 339
199 550 181 339
199 551 181 340
200 547 181 339
199 550 180 339
198 549 181 340
198 549 180 335
199 548 178 336
195 550 177 337
195 549 175 335
195 552 174 334
195 548 176 335
196 552 175 335
194 551 175 336
197 553 176 337
194 553 176 337
194 552 176 336
195 552 176 337
196 553 177 337
194 554 176 337
195 552 176 336
196 551 170 322
199 555 157 315
196 550 153 317
194 549 150 319
196 549 148 320
193 548 148 322
190 547 149 323
192 548 149 323
192 549 149 323
190 548 150 324
192 547 150 323
190 548 149 323
191 548 150 324
189 548 150 325
189 547 150 325
190 549 150 321
192 554 146 321
190 553 145 321
191 555 144 321
192 559 142 320
192 555 141 321
193 557 140 321
191 559 140 320
190 553 140 321
192 555 140 320
192 558 141 321
189 554 140 320
192 554 141 321
191 557 140 320
189 554 145 324
189 554 151 325
188 553 150 325
189 550 152 327
187 545 156 329
188 548 155 327
187 548 154 326
186 547 153 326
186 548 153 327
187 550 153 327
188 548 153 326
186 548 153 326
186 549 153 325
186 549 154 326
189 550 155 327
189 550 161 334
188 545 164 338
185 542 168 346
183 541 171 351
174 539 173 388
184 538 174 353
184 543 173 349
187 543 175 350
186 543 175 349
188 541 175 348
186 543 176 348
186 542 176 346
187 544 176 346
188 544 177 347
187 544 176 346
188 544 177 347
189 535 181 354
187 528 182 357
186 529 185 363
186 526 188 368
181 527 191 369
188 522 195 370
188 529 199 371
169 527 199 372
190 530 199 369
188 533 199 370
192 531 198 367
192 531 199 368
190 533 200 368
189 534 200 366
191 535 203 373
191 537 207 376
192 539 208 378
193 544 212 380
194 543 212 382
194 542 214 383
192 544 216 382
199 546 219 381
197 545 220 380
195 546 218 380
194 545 222 379
193 544 221 378
198 544 222 379
191 544 223 379
196 543 223 380
193 542 223 381
196 543 223 380
201 545 224 376
197 546 209 373
197 551 204 370
197 547 202 367
200 546 201 365
200 547 200 365
200 547 201 365
197 546 202 365
198 546 202 365
200 546 202 365
199 545 204 366
198 545 204 367
197 543 205 367
198 542 205 367
198 542 205 367
199 546 205 367
