71 539 157 305
68 533 156 307
72 530 154 304
73 533 143 301
69 534 142 300
69 535 141 301
70 531 141 300
71 538 141 300
71 532 141 300
66 531 141 301
65 537 141 302
70 539 141 301
72 540 141 301
73 540 141 301
73 535 141 300
69 532 141 301
71 534 142 302
71 540 141 301
76 537 141 300
70 535 141 301
70 539 140 301
70 540 139 301
68 537 139 301
70 540 140 301
72 539 140 300
75 535 140 300
65 540 140 298
64 538 139 299
159 547 227 298
72 545 142 297
61 543 137 297
68 545 137 295
66 544 137 296
66 544 136 297
67 544 136 297
69 543 136 297
66 546 136 297
69 544 136 296
69 544 136 295
65 544 136 297
71 544 136 295
63 545 124 292
68 544 117 288
65 542 109 286
64 539 103 283
64 535 99 283
64 535 98 281
64 534 99 282
63 536 99 283
62 539 99 282
63 537 99 283
64 538 99 282
63 537 100 284
64 532 100 283
63 539 100 282
62 534 98 283
61 538 97 283
63 539 96 283
62 530 95 280
61 532 94 281
59 529 92 279
59 527 92 279
60 531 91 278
61 525 90 278
58 534 90 279
60 525 90 278
59 530 91 279
61 525 91 278
60 532 92 280
57 531 96 283
75 529 119 285
61 534 104 286
60 541 104 286
62 534 106 286
59 537 105 286
60 539 105 286
61 540 105 285
58 539 104 287
59 542 105 287
58 538 105 286
59 544 106 287
58 537 106 287
55 538 112 289
57 538 114 291
54 541 119 293
53 527 125 297
58 537 131 298
57 535 132 300
60 532 132 298
59 535 132 300
56 533 132 300
57 533 132 300
60 531 132 300
47 533 133 299
50 535 134 301
51 536 136 301
45 533 137 304
46 537 148 307
58 539 153 309
56 537 157 312
63 535 164 316
64 534 166 316
68 539 169 317
67 539 169 317
66 541 169 315
68 541 169 315
68 541 172 316
70 540 173 315
69 540 174 317
71 542 176 318
73 541 176 318
82 541 179 316
83 532 181 317
80 542 184 319
85 536 186 319
85 538 189 321
86 540 190 320
85 535 190 321
87 539 191 321
88 539 191 321
88 531 192 321
90 539 192 321
90 539 192 321
93 531 193 321
92 540 193 321
89 537 193 321
92 539 190 317
95 535 188 315
95 538 186 313
94 540 184 313
94 538 182 312
94 536 182 312
94 536 182 312
93 540 182 312
92 536 181 312
93 541 181 312
95 535 181 311
92 541 181 312
94 535 180 311
92 532 180 311
