117 576 57 212
116 577 57 212
117 573 57 212
119 573 56 212
117 571 56 213
118 574 53 212
117 575 53 212
118 576 53 211
119 576 53 212
118 577 53 212
117 572 52 213
117 572 52 213
118 573 53 213
117 575 53 213
116 575 53 213
118 576 53 213
116 574 53 213
118 576 53 213
117 573 53 213
116 576 53 213
117 574 53 213
116 575 53 214
116 573 54 214
117 574 54 214
116 576 54 215
117 575 54 215
118 576 54 214
117 575 54 214
119 570 57 215
120 579 73 218
118 574 60 215
118 578 56 213
118 581 54 212
117 582 53 211
116 582 42 208
116 583 40 206
116 583 40 207
115 583 40 208
115 582 40 208
115 582 41 208
116 583 41 208
115 583 41 209
114 583 41 209
117 583 42 209
114 583 42 209
116 582 38 208
116 583 27 205
114 582 21 203
114 580 14 203
117 581 10 197
117 582 7 196
117 581 6 196
117 582 6 196
116 581 8 197
117 582 8 196
116 582 8 197
116 580 8 196
117 581 8 196
126 580 52 204
117 581 20 200
116 581 14 199
116 578 9 197
117 577 6 198
116 576 0 198
117 573 0 196
118 575 0 195
116 575 0 196
118 576 0 193
118 574 0 193
118 574 0 191
120 574 0 187
124 573 18 189
123 576 10 187
122 572 8 187
125 576 14 186
145 564 70 187
125 573 24 187
125 569 21 188
123 567 24 190
124 569 22 189
124 571 22 189
123 573 22 189
123 569 21 190
123 572 21 190
123 570 20 190
123 569 21 190
124 572 22 190
125 569 23 190
127 572 34 194
126 569 42 196
126 573 46 199
127 575 49 200
126 570 55 203
127 576 55 203
142 571 99 206
132 578 79 206
181 558 130 201
135 575 85 205
133 575 76 204
132 574 75 205
131 576 74 205
130 577 72 206
129 572 71 207
129 578 77 210
127 580 81 213
126 580 84 214
126 579 88 215
124 580 93 220
124 580 94 221
124 580 94 220
122 580 94 221
186 557 150 216
132 571 112 221
125 574 104 222
123 574 104 222
121 572 101 223
123 577 100 223
190 553 160 217
133 570 111 222
138 571 111 221
141 570 112 220
144 569 111 219
142 571 113 219
147 566 113 217
148 570 114 216
153 572 113 216
147 571 113 217
147 573 112 217
149 570 112 217
139 572 111 218
143 569 111 217
137 569 112 219
151 570 111 216
141 571 113 219
146 569 110 216
141 571 107 215
141 572 104 215
142 572 101 212
137 575 97 213
131 579 94 214
123 579 93 219
122 578 93 219
120 580 93 220
116 579 92 221
114 581 91 222
113 580 92 222
115 580 91 221
112 581 91 222
112 581 91 221
111 581 91 221
111 581 91 222
