150 576 157 283
149 576 156 283
153 576 157 283
154 576 162 285
154 576 162 285
156 575 163 285
154 576 163 287
154 576 163 285
154 575 163 285
154 576 163 285
154 576 163 286
153 576 162 285
153 576 159 285
152 576 160 287
152 576 159 286
162 570 184 293
152 576 162 287
152 577 154 285
151 576 156 285
162 568 181 291
155 576 163 289
152 576 160 288
152 576 160 289
150 577 159 289
150 576 158 288
151 576 159 290
148 577 158 289
149 577 158 289
152 576 158 289
150 576 159 288
151 576 159 288
153 576 158 286
151 576 157 286
151 577 156 285
151 578 155 285
151 578 154 285
151 578 153 285
150 578 153 285
150 578 153 287
151 578 153 287
184 569 198 289
153 578 156 286
238 534 248 296
208 552 234 294
155 577 161 287
150 578 151 285
151 580 149 285
150 580 143 279
150 580 140 277
151 581 133 275
149 581 127 273
147 582 122 270
147 582 116 268
144 582 113 267
145 583 110 266
149 580 117 267
157 577 145 275
150 582 112 263
147 582 108 261
154 580 123 265
149 581 124 267
148 583 106 259
173 566 180 277
150 581 110 260
148 583 101 256
180 542 180 268
152 584 97 253
148 584 90 252
146 582 88 251
179 559 175 267
175 555 167 266
151 582 95 252
149 582 94 252
147 583 89 249
147 584 87 249
144 584 87 251
144 584 87 251
144 584 88 252
142 580 96 257
147 581 99 258
142 581 103 261
143 579 104 263
135 579 106 266
137 578 106 266
131 578 105 266
131 575 104 265
159 567 156 277
148 576 122 269
144 576 115 267
142 575 112 267
141 573 114 268
142 575 125 273
146 575 132 277
152 564 158 286
147 563 153 287
158 566 182 293
148 566 164 291
148 562 160 289
146 566 159 288
148 567 159 289
149 564 158 288
149 565 158 289
147 563 159 289
150 564 159 290
148 562 158 290
146 561 158 291
147 565 159 293
148 566 160 293
151 568 168 302
154 571 182 311
155 569 185 313
156 572 190 318
153 571 192 318
158 572 193 318
154 571 193 318
156 571 193 318
155 569 191 318
156 570 190 318
155 570 190 318
154 573 191 317
156 572 193 319
157 572 195 320
162 571 198 322
156 572 199 323
161 572 202 324
162 572 205 324
168 572 206 323
167 573 207 324
165 572 207 323
167 572 207 323
166 573 206 323
168 571 205 322
0 640 0 400
229 520 257 323
177 570 218 322
172 571 211 321
173 571 211 321
174 572 203 317
169 573 198 315
162 573 193 313
200 563 223 311
188 565 214 305
154 576 181 305
155 576 183 306
154 576 181 306
0 640 0 400
159 576 181 305
158 576 178 305
156 576 176 305
156 576 176 305
155 576 176 305
153 576 179 305
152 576 184 307
