124 529 247 373
0 640 0 400
122 531 250 379
123 534 243 376
122 533 240 373
121 534 238 373
119 535 238 374
121 534 239 372
118 536 239 374
120 535 239 373
124 535 239 371
122 535 240 372
123 532 240 371
124 536 239 368
121 534 240 371
124 528 239 368
122 534 240 371
122 533 241 370
122 531 240 369
124 535 240 369
123 536 240 371
121 534 241 371
123 537 240 368
123 538 242 371
121 536 238 370
121 524 237 369
122 526 237 367
120 533 237 370
126 531 236 364
129 534 235 363
129 529 234 362
128 538 234 363
128 533 233 362
130 536 233 360
129 532 233 362
128 530 233 361
130 536 233 362
130 533 232 360
130 532 233 361
128 537 233 364
129 536 233 364
128 533 233 363
129 530 233 362
128 531 228 360
125 538 221 360
127 536 214 353
131 541 208 349
132 540 204 342
134 538 201 339
134 534 202 337
131 540 202 340
131 541 202 341
132 533 202 341
133 535 203 340
131 536 203 343
132 536 203 343
130 538 203 343
132 539 203 341
133 537 203 341
133 538 201 340
137 537 200 334
133 535 197 336
128 535 196 338
127 529 194 338
126 524 195 337
127 521 194 337
130 535 195 335
128 526 195 338
128 535 195 338
126 539 194 340
128 534 195 335
125 524 195 339
128 528 195 337
125 527 197 341
125 527 199 339
125 535 201 344
122 527 204 343
123 526 206 346
123 532 207 347
126 528 206 343
125 534 207 345
125 531 207 344
128 525 206 339
124 520 208 343
127 536 213 345
124 526 209 346
123 522 209 349
123 507 216 350
117 517 221 362
117 511 224 364
111 530 231 370
110 510 236 375
114 523 238 375
110 529 239 375
112 513 239 378
112 520 239 376
111 513 240 376
110 517 240 376
112 528 239 379
110 529 239 377
107 514 238 379
113 531 239 378
109 526 247 385
108 517 254 390
113 499 259 390
117 503 264 388
105 510 270 386
107 509 270 386
109 508 270 385
106 507 272 387
97 506 273 388
107 506 273 387
105 507 274 387
107 510 275 388
109 512 275 390
106 508 276 391
104 513 274 392
107 511 278 393
115 510 280 389
105 509 283 390
112 509 284 391
116 508 283 389
109 509 285 393
110 504 286 393
116 506 288 391
116 503 288 391
138 486 286 388
0 640 0 400
161 508 306 392
146 503 291 386
145 504 288 387
138 505 291 386
129 499 289 388
117 505 288 389
130 510 283 382
126 514 277 382
112 516 273 391
107 517 270 392
106 521 267 391
111 522 268 389
111 519 269 389
111 522 269 389
109 519 269 390
110 520 269 389
110 521 270 388
112 515 271 390
110 521 270 391
112 517 270 389
110 517 270 391
115 522 269 385
