63 536 201 319
61 541 197 317
69 541 193 315
70 546 180 315
63 545 173 316
66 545 171 315
59 545 170 316
53 545 169 316
61 546 170 315
65 548 170 315
64 547 170 314
50 546 169 314
59 549 168 314
62 546 165 312
56 549 160 312
49 549 157 311
56 549 156 310
55 551 171 313
59 551 163 310
66 552 162 304
59 551 158 303
45 554 158 303
49 550 160 306
50 549 158 308
42 548 161 309
34 553 157 306
58 552 158 307
37 552 158 308
63 552 157 305
57 551 155 306
58 551 154 305
40 548 152 305
29 554 148 302
25 556 147 301
25 555 147 304
29 553 148 303
29 551 148 301
50 550 150 303
45 550 150 302
45 551 153 303
55 554 149 298
43 553 150 302
50 555 138 294
30 553 122 288
49 556 115 287
47 552 112 288
38 554 110 290
38 553 107 291
37 555 108 292
20 556 103 285
28 553 102 282
34 552 105 285
39 551 108 286
43 553 106 286
37 551 105 288
26 554 105 289
37 553 106 290
26 554 104 286
40 555 102 282
29 554 100 278
29 553 97 279
30 553 96 278
28 552 98 278
65 545 126 287
31 551 101 282
28 552 98 280
33 550 100 281
38 550 100 283
30 553 99 282
25 552 101 283
34 552 101 283
40 554 102 281
32 552 103 284
34 554 104 281
29 551 101 282
38 549 103 281
25 550 105 282
29 554 103 281
40 550 106 285
31 550 110 290
40 546 114 291
18 547 114 291
38 546 114 290
41 548 114 290
41 548 116 291
34 549 115 291
18 548 113 289
25 552 114 290
23 551 114 290
23 550 118 292
19 555 133 299
13 551 138 300
13 553 143 306
13 553 149 309
10 550 151 311
11 553 153 313
15 553 154 315
11 550 152 313
11 551 153 312
9 552 152 312
12 550 152 312
13 551 150 311
9 549 150 311
12 549 151 310
11 550 153 311
6 551 154 313
7 552 158 312
17 555 167 316
24 555 173 318
25 557 182 320
30 555 186 321
50 555 189 323
56 556 191 320
37 557 192 321
36 557 192 323
41 555 193 320
34 555 193 322
50 553 194 321
39 552 195 322
35 554 195 322
31 555 197 326
44 556 199 322
44 553 201 327
54 552 203 324
53 553 205 324
55 553 207 324
54 554 209 327
54 555 209 328
57 554 209 327
52 555 210 326
55 554 211 330
59 555 211 327
56 555 211 327
59 553 210 325
59 554 210 322
65 552 208 319
60 553 197 316
62 553 195 316
64 556 193 314
56 555 191 316
62 556 191 313
60 556 190 315
63 553 191 313
57 555 192 315
59 554 193 315
63 555 193 314
63 553 194 315
58 553 194 317
51 553 195 317
65 552 199 316
