187 535 165 309
186 536 162 307
188 535 163 307
189 535 176 317
186 539 174 316
186 529 174 317
186 536 175 318
184 536 176 319
186 536 174 317
184 537 175 318
186 529 176 320
236 499 268 329
185 531 182 320
185 538 177 319
187 537 177 318
186 540 177 319
187 537 177 319
186 537 177 319
185 536 177 319
184 534 177 319
184 531 176 319
185 534 176 318
186 537 175 318
213 510 251 329
185 539 180 319
187 537 177 319
185 545 176 316
187 540 175 317
184 540 175 316
184 538 175 316
186 526 175 316
183 532 174 316
183 532 175 317
183 534 174 316
183 529 174 316
183 533 173 317
183 532 173 317
182 530 173 316
183 534 173 316
201 545 213 317
185 535 180 317
180 543 165 311
178 558 147 302
181 561 141 299
175 562 135 293
179 560 132 292
177 562 134 295
175 558 134 294
0 640 0 400
183 556 144 298
180 553 142 298
181 555 139 297
180 559 139 298
181 560 139 297
180 554 139 295
179 556 138 295
180 557 135 293
183 554 131 291
181 553 129 291
179 554 128 290
180 554 126 290
182 554 126 289
182 550 125 289
176 553 125 289
181 553 125 289
177 553 125 289
216 506 224 310
184 549 138 293
183 552 130 291
182 553 129 291
176 547 133 295
173 550 135 297
175 552 136 298
173 547 138 301
176 550 141 302
176 546 141 303
185 533 155 304
174 545 139 301
174 545 137 300
204 508 215 313
0 640 0 400
182 543 148 303
179 542 144 303
178 545 143 302
178 541 143 303
181 540 152 309
178 537 155 312
180 537 163 317
182 538 166 319
181 526 173 323
181 534 173 322
179 538 173 322
183 532 174 323
180 532 173 322
179 536 174 323
181 531 174 323
180 530 173 324
183 530 173 324
181 530 173 324
194 529 208 329
194 525 196 333
194 525 201 336
192 532 205 340
193 539 210 343
193 537 217 349
190 540 214 344
191 540 212 344
191 538 211 343
192 539 210 343
192 537 210 343
193 540 209 343
192 537 208 343
192 538 208 342
191 542 209 343
0 640 0 400
202 540 237 348
200 543 234 350
199 541 233 351
200 543 233 350
200 542 233 350
200 542 232 349
200 541 232 349
200 542 231 349
198 545 231 349
200 544 231 349
198 543 230 348
198 544 230 348
0 640 0 400
196 541 225 339
195 536 223 341
195 522 216 337
194 516 211 336
188 530 211 337
189 521 211 339
187 521 209 337
189 517 212 340
191 538 212 339
194 513 214 340
193 524 215 340
191 519 213 338
