116 582 64 220
120 574 82 224
116 578 67 223
116 577 62 222
115 579 61 222
115 578 60 222
115 579 60 222
114 576 60 222
116 577 58 222
115 573 58 222
115 578 58 222
115 570 57 222
115 575 57 222
114 577 57 221
115 572 57 221
114 577 57 222
115 577 58 221
114 575 57 221
115 579 57 221
115 578 57 221
115 576 56 221
114 578 57 221
114 576 57 221
114 576 56 220
124 572 66 219
177 547 131 220
117 576 72 224
116 576 60 222
114 578 56 221
114 577 56 221
114 580 54 218
116 582 53 214
115 581 53 217
114 582 52 215
113 583 50 216
115 582 49 217
112 582 50 217
114 583 50 217
114 582 50 217
115 583 49 217
114 583 49 217
113 582 49 217
163 568 115 215
116 583 63 220
118 582 42 214
116 583 34 212
113 583 27 211
114 582 22 209
116 582 16 206
115 582 14 205
116 582 14 205
115 582 14 206
115 582 17 207
114 580 18 207
114 582 17 207
112 582 17 208
115 582 17 207
114 582 17 207
115 580 11 205
116 579 7 203
115 578 1 204
116 576 0 202
116 574 0 203
116 571 0 203
116 571 0 203
116 570 0 203
117 571 0 203
115 573 0 203
115 575 0 204
133 573 57 207
116 576 12 205
115 578 5 204
115 577 4 203
115 571 10 205
115 576 9 203
155 564 104 209
121 568 34 207
118 568 25 207
118 569 22 204
117 571 20 205
117 568 20 204
116 572 18 204
116 571 18 205
116 572 24 206
116 573 23 205
138 556 65 207
121 567 45 210
120 571 35 209
136 571 102 213
120 570 50 215
118 568 47 217
116 571 54 220
117 572 61 221
116 578 61 221
118 576 61 221
118 577 61 221
117 576 61 221
116 577 57 220
148 554 102 219
180 547 134 211
120 576 79 224
120 574 68 221
120 578 69 222
118 578 81 226
118 579 83 227
117 578 86 230
119 577 92 231
119 578 94 231
118 577 96 233
119 578 97 232
130 573 108 230
145 569 128 230
121 574 114 233
118 577 110 234
114 575 108 235
116 575 106 235
166 558 144 231
147 568 134 233
117 577 116 236
118 575 114 236
117 577 114 236
116 576 112 237
117 577 99 236
116 578 102 235
112 577 110 233
111 577 109 234
118 576 109 233
113 573 110 234
120 574 113 233
121 577 116 234
125 575 117 234
124 575 117 234
123 574 117 233
123 574 116 233
127 576 116 231
130 574 116 231
126 577 116 232
124 573 116 233
130 575 117 232
115 577 105 230
105 577 97 229
104 580 91 230
107 580 91 228
108 581 89 229
100 581 88 230
105 581 88 229
106 580 88 229
106 580 89 230
99 582 89 230
104 582 90 229
107 580 90 230
107 580 89 229
106 582 84 227
