53 441 190 343
61 441 190 343
58 441 201 349
53 441 198 349
57 441 198 348
55 440 199 348
54 441 198 348
54 440 197 347
55 440 197 347
56 440 197 347
57 437 196 346
53 438 196 347
56 438 194 346
46 435 240 345
53 440 198 344
52 439 197 345
50 438 198 345
55 438 198 345
54 438 198 345
54 437 198 345
53 439 197 345
52 439 198 345
56 440 197 344
56 437 197 345
59 439 197 343
53 438 197 344
56 438 196 342
50 440 194 341
54 439 194 341
54 438 195 342
54 440 195 341
50 437 195 341
41 439 194 341
51 439 194 341
52 438 194 341
52 440 194 333
53 439 194 333
50 438 194 335
49 437 194 337
52 438 194 337
43 436 193 337
84 436 214 323
52 444 179 327
44 446 172 325
49 445 170 325
48 443 172 327
48 442 170 323
47 442 170 325
50 443 169 324
46 443 170 324
43 443 169 324
56 441 229 325
48 440 170 322
45 440 170 322
48 441 169 322
46 439 169 322
48 441 166 320
47 441 164 319
41 441 159 318
47 441 157 315
45 441 157 316
43 440 157 316
41 440 157 316
41 441 157 316
46 441 158 316
42 440 162 316
41 440 160 317
45 440 157 316
42 440 157 316
37 439 157 316
41 441 159 317
203 355 67 87
38 439 168 319
35 438 167 320
35 437 168 320
42 438 167 320
39 439 166 321
34 436 168 321
41 437 167 323
37 438 167 321
35 437 167 322
40 437 167 321
37 441 167 321
38 437 167 321
31 437 172 323
35 435 176 327
36 435 180 330
39 435 185 333
37 434 189 337
36 436 189 337
42 434 189 336
42 435 189 336
38 435 187 334
46 434 193 333
63 433 214 332
43 433 198 331
30 433 190 333
38 434 190 334
36 433 191 336
41 434 200 342
32 434 204 347
40 433 207 350
46 433 211 353
41 432 213 356
40 433 215 357
41 432 216 357
48 432 216 357
50 433 216 357
47 433 214 355
113 394 302 354
51 433 223 355
49 432 222 355
41 432 223 355
48 432 224 356
43 431 225 358
39 431 228 359
50 431 230 360
47 431 232 359
46 430 232 359
46 431 230 358
50 432 232 359
41 431 232 358
50 431 232 359
45 431 232 359
48 431 231 359
44 430 231 359
46 431 231 359
48 431 228 354
50 432 224 354
49 431 226 350
52 433 241 347
50 433 220 347
46 433 216 348
47 432 217 348
50 433 218 349
47 432 218 349
47 431 218 349
47 433 218 342
48 433 218 344
48 432 218 345
