123 567 166 300
120 565 152 299
118 568 150 299
120 567 149 299
116 569 149 300
115 568 147 297
106 564 147 298
115 566 147 297
117 564 148 298
116 567 147 300
118 566 147 298
119 568 146 298
116 565 147 300
117 564 147 299
117 565 146 298
118 569 145 298
116 566 145 297
116 564 145 298
116 565 145 298
116 562 145 297
116 566 145 298
115 569 145 299
116 566 145 298
116 565 144 298
116 564 144 297
116 565 145 297
116 569 144 297
117 571 143 296
114 571 142 295
115 571 143 295
115 573 143 294
114 572 142 295
114 571 142 295
114 572 143 294
110 571 143 294
114 572 143 295
113 574 143 295
114 572 144 296
114 572 143 294
115 574 142 294
113 573 142 295
115 572 142 295
113 572 142 295
115 571 141 294
116 574 142 294
115 573 137 294
122 574 147 293
115 572 128 293
114 572 125 293
115 571 121 288
115 571 120 286
116 571 118 285
114 572 118 287
115 572 118 287
113 571 119 288
113 569 119 287
113 571 120 290
112 572 120 289
111 571 119 290
113 572 116 288
113 569 113 287
70 567 111 286
114 568 110 287
115 570 109 287
115 565 108 286
104 565 107 285
124 570 131 287
114 565 115 288
73 565 110 285
85 568 108 285
113 568 107 285
113 568 108 285
79 566 108 285
79 567 107 285
91 568 107 285
82 566 108 285
81 562 108 286
82 565 108 285
79 567 109 284
74 569 108 284
99 562 110 286
112 564 112 289
113 560 114 290
112 562 116 293
112 563 117 293
115 564 118 293
115 564 118 293
112 560 117 293
114 564 118 293
114 560 118 292
113 563 117 292
113 559 117 292
113 561 117 292
113 564 117 292
113 562 118 292
113 559 120 293
115 559 124 294
115 562 127 295
116 561 131 296
114 559 137 298
115 562 140 299
116 563 143 301
116 559 144 301
117 562 143 300
117 563 142 300
117 564 143 300
117 561 143 300
117 561 143 300
99 560 144 300
118 561 148 301
115 559 154 301
106 559 159 305
122 558 164 305
123 561 168 307
123 560 167 309
124 559 168 307
123 558 167 308
124 559 165 307
124 560 166 307
124 560 167 307
124 560 165 307
124 560 166 307
122 558 167 308
120 561 167 308
120 561 169 309
123 559 172 310
121 563 179 311
118 564 179 311
116 566 181 312
119 565 181 311
120 561 182 311
114 562 182 311
116 564 182 310
116 562 182 311
115 564 182 311
113 563 182 311
115 562 182 311
113 564 183 310
116 561 184 310
112 564 182 309
109 566 179 307
113 567 177 306
107 565 175 304
107 568 174 303
106 569 172 302
107 569 172 303
105 569 173 303
104 569 173 303
107 568 174 303
104 570 175 305
102 569 174 304
104 569 173 305
109 568 174 302
