160 552 159 319
160 553 158 320
160 556 158 320
156 553 161 321
160 549 170 327
158 548 171 328
158 546 173 329
159 545 173 330
157 548 173 329
156 547 173 328
157 549 172 328
157 548 171 328
154 550 170 327
156 550 170 327
38 91 55 131
166 549 190 326
162 549 181 327
160 549 178 326
161 555 176 327
161 556 176 327
157 553 176 327
159 552 175 327
161 551 175 328
156 549 177 329
159 547 177 329
157 549 178 331
158 549 178 331
158 547 178 331
160 549 178 329
160 550 176 328
160 544 181 327
162 544 178 326
159 549 177 325
162 549 176 324
164 548 174 325
162 550 173 324
161 541 173 324
160 545 172 323
162 540 171 323
161 549 171 323
160 547 170 323
160 539 170 324
161 535 169 323
162 534 169 323
161 550 166 321
158 548 151 315
155 555 145 312
147 560 140 311
149 556 135 309
149 556 133 308
148 555 133 308
150 558 134 309
149 560 134 308
150 558 134 309
151 558 133 307
151 557 133 307
152 557 133 307
151 559 133 307
150 560 132 307
144 555 132 307
149 565 131 305
156 558 124 303
157 562 121 301
153 561 119 299
159 561 119 299
161 556 118 300
162 556 118 299
151 560 119 300
154 559 120 300
154 559 121 301
151 552 123 303
152 555 123 303
154 553 123 303
146 552 125 305
178 544 221 309
157 553 143 309
149 556 140 310
151 549 142 313
147 548 141 313
147 552 140 313
148 556 138 311
141 552 138 312
148 546 138 311
143 561 137 311
147 543 137 312
151 547 137 312
148 550 138 313
154 551 150 317
150 548 160 325
154 544 164 329
156 551 168 332
157 544 171 334
154 544 173 335
158 544 172 335
157 545 172 334
157 549 171 333
156 547 168 332
158 547 168 332
156 547 168 332
155 549 167 331
157 545 165 330
158 545 170 332
164 544 182 339
162 544 192 345
162 540 199 349
162 529 203 352
164 524 207 355
164 524 208 356
160 531 208 357
162 529 208 356
164 530 207 356
162 531 207 356
164 531 208 356
164 529 206 355
162 529 206 353
163 532 205 353
159 531 210 356
159 529 213 357
158 529 214 357
162 528 216 357
167 531 217 356
165 537 218 357
166 531 220 358
165 531 221 360
167 536 222 359
164 537 221 359
163 530 221 360
165 538 221 360
164 530 221 360
163 530 221 359
164 534 221 359
158 544 218 354
163 539 217 351
168 531 215 348
162 536 213 345
165 534 211 344
165 532 211 343
168 534 210 342
167 533 210 342
169 539 210 342
161 535 209 342
172 533 210 342
166 535 210 343
168 522 211 344
163 524 212 344
