68 511 137 285
63 512 138 285
69 513 139 285
64 510 135 282
68 509 135 282
107 502 182 278
96 509 176 281
70 509 136 281
67 509 134 281
64 509 135 282
70 509 135 281
71 509 135 281
73 509 136 282
69 509 136 282
69 509 134 279
68 509 133 280
68 509 133 280
73 509 133 280
69 510 133 280
68 509 133 280
55 508 134 281
69 509 133 281
67 509 133 281
66 508 133 281
68 509 133 281
55 509 133 281
54 510 131 281
61 510 131 280
29 510 130 280
30 511 130 279
33 512 129 280
35 512 128 280
38 511 128 279
34 512 128 280
31 512 128 279
40 513 128 279
37 515 126 279
33 515 125 279
34 516 127 282
46 514 122 279
45 509 116 276
55 510 107 269
59 509 101 268
51 504 96 264
53 505 97 262
43 505 94 263
68 508 102 263
65 509 117 265
56 508 110 265
43 505 95 263
41 505 92 262
51 507 91 262
53 506 92 262
54 507 107 261
49 506 92 261
106 511 149 256
47 507 94 263
41 506 88 261
71 506 85 259
71 505 84 259
62 507 84 259
79 507 95 258
96 513 120 256
78 512 109 261
98 512 128 257
70 506 88 259
72 506 85 258
72 506 84 257
100 513 114 247
77 505 100 262
75 505 96 262
73 506 96 263
70 505 98 264
125 516 173 256
78 507 111 263
0 640 0 400
82 513 140 262
70 506 99 260
73 506 98 260
69 507 98 261
68 507 99 261
68 507 99 263
65 506 101 264
61 506 105 268
64 505 115 275
52 505 118 278
35 506 129 281
33 504 132 285
25 505 132 285
134 517 193 276
136 517 198 276
146 519 195 277
75 509 171 281
66 511 143 269
55 510 138 277
53 507 139 283
33 507 141 286
57 506 146 291
51 506 154 297
52 505 157 300
72 507 163 305
68 507 166 305
59 509 170 305
34 509 172 307
34 511 172 305
60 510 173 306
53 510 173 306
33 510 173 306
43 510 173 306
53 510 173 307
41 510 174 308
59 508 176 309
60 509 177 311
60 509 179 312
53 512 181 314
38 509 183 315
58 509 183 314
56 509 187 313
34 511 189 313
28 513 189 314
115 514 209 308
29 518 208 308
160 519 213 298
27 515 194 309
69 512 188 311
58 512 187 311
29 513 185 309
32 512 182 307
43 513 180 305
115 516 205 297
131 515 204 291
81 514 174 296
85 515 172 297
79 515 170 297
81 514 170 298
81 514 170 298
71 514 170 298
74 513 169 299
73 513 168 298
65 514 167 297
65 513 165 296
