74 533 170 331
75 532 177 330
80 533 179 332
80 532 176 332
77 533 174 331
71 531 174 332
76 531 173 330
76 531 173 331
76 532 173 331
77 532 174 331
77 532 173 331
73 531 175 330
76 531 176 331
79 531 175 331
76 532 177 332
103 527 213 331
52 532 174 331
76 532 169 331
74 532 176 332
63 533 177 330
66 532 178 331
78 531 179 332
75 533 179 332
68 533 180 332
78 532 180 331
75 531 178 331
76 533 181 331
73 534 180 333
68 533 178 330
75 534 178 329
76 535 177 329
71 534 176 328
61 535 176 329
77 535 176 329
66 535 175 329
71 537 177 329
75 534 176 329
74 535 177 328
74 536 177 329
79 534 177 329
78 534 179 329
62 531 167 327
40 531 154 320
35 529 146 317
40 527 140 317
63 526 137 315
63 526 136 316
36 526 137 316
64 527 138 316
65 527 138 316
66 526 138 317
51 527 139 316
64 527 139 317
65 528 140 316
66 526 139 316
64 525 136 316
64 525 132 315
61 526 129 315
61 524 125 314
28 524 121 314
65 523 121 315
57 524 120 315
59 523 120 315
26 523 120 314
31 524 120 315
29 523 120 315
26 523 121 314
26 524 121 314
28 523 121 313
27 523 121 314
57 524 122 315
51 523 160 320
62 524 125 317
69 524 129 316
68 524 131 320
71 525 133 318
69 524 132 319
70 525 132 321
34 524 132 320
34 524 132 316
71 525 133 321
36 525 133 321
69 525 133 321
68 525 133 321
70 525 134 321
68 527 143 327
71 527 154 328
70 528 161 330
75 528 168 331
73 526 172 331
50 529 174 334
50 529 175 333
53 529 174 334
53 529 176 334
85 529 177 333
89 529 177 332
70 529 178 335
82 529 180 335
91 531 193 338
95 531 206 344
99 532 211 343
100 531 218 346
101 533 225 347
103 535 227 345
101 534 228 345
101 534 230 348
98 533 231 349
104 533 231 347
104 534 233 347
101 533 233 348
104 533 233 347
110 534 236 346
108 533 237 348
112 535 238 347
121 536 244 347
130 537 245 345
135 537 248 345
138 537 251 345
138 538 251 344
116 537 252 358
132 538 253 348
148 537 253 341
121 538 253 357
140 538 253 344
146 537 253 343
148 535 253 341
0 640 0 400
112 536 242 350
117 537 221 334
120 539 221 331
122 539 220 328
110 539 218 333
115 539 220 331
115 539 220 332
112 539 223 338
120 539 224 333
123 539 225 333
124 539 225 333
123 539 225 334
113 540 227 339
128 540 227 333
