130 551 144 306
131 547 145 307
129 548 155 315
130 545 187 318
129 550 177 320
127 549 176 320
121 550 175 320
124 548 174 319
121 551 172 318
130 549 172 319
127 549 171 320
128 547 169 319
126 548 171 320
122 547 170 321
130 550 169 321
123 547 173 322
130 543 173 322
124 546 173 321
126 545 173 321
129 546 173 321
127 545 173 320
129 548 174 321
130 548 168 320
127 546 151 320
132 550 153 319
135 549 159 321
130 552 165 319
129 552 166 320
130 551 167 320
128 547 169 322
103 542 169 320
124 532 169 320
93 529 169 320
126 540 169 320
120 543 170 320
130 538 170 321
131 533 170 321
127 527 170 321
130 539 171 322
102 531 170 321
126 530 169 321
131 549 161 314
133 544 154 311
132 551 149 309
137 554 143 304
134 552 139 303
137 553 132 299
135 551 133 300
136 552 133 300
137 552 133 300
135 551 133 300
136 549 134 300
136 551 134 300
138 553 136 289
147 558 140 277
146 556 141 276
147 557 140 279
146 556 137 281
145 559 134 278
137 557 129 287
137 556 130 285
150 557 127 269
147 557 128 274
146 559 129 278
141 557 129 276
143 559 127 277
142 558 127 278
144 557 127 279
147 558 125 275
148 558 123 272
150 559 122 273
157 558 128 276
163 554 138 279
161 553 142 278
161 552 145 277
163 552 146 276
160 553 148 277
160 554 148 279
160 553 148 277
161 555 147 277
163 553 148 277
163 553 148 279
158 553 148 279
160 551 147 277
158 549 149 277
153 553 151 282
158 552 170 287
163 552 176 285
178 544 199 287
171 548 197 286
168 544 201 287
166 547 200 287
165 547 199 289
161 548 198 290
163 549 197 291
162 549 197 292
161 547 195 293
160 549 194 293
161 546 196 293
163 546 197 292
164 543 203 296
160 543 206 302
156 537 214 307
161 541 218 309
158 539 221 314
156 541 222 316
152 542 222 317
155 545 223 319
152 543 223 321
152 540 224 323
151 541 224 325
152 543 225 324
153 539 226 326
150 541 226 326
153 544 229 330
156 540 230 333
160 535 231 335
166 538 233 339
170 531 234 341
168 534 235 343
168 531 235 344
167 534 235 344
169 533 236 345
167 530 238 346
172 527 240 348
170 526 240 348
173 524 240 349
169 521 240 349
166 532 235 341
163 529 230 339
151 521 220 339
147 517 218 339
130 529 204 337
117 531 194 340
124 528 196 338
128 530 206 340
137 523 210 340
130 524 209 338
134 522 212 339
134 524 212 340
132 522 211 339
