160 559 129 309
162 562 130 309
161 560 132 307
160 559 134 308
161 559 136 308
162 560 138 309
162 557 137 309
162 558 137 310
165 560 139 312
162 556 139 312
163 560 141 313
161 559 141 313
162 560 141 313
161 559 142 313
165 559 145 310
165 556 158 313
163 560 142 313
164 555 160 311
162 554 136 312
162 555 137 312
162 559 138 312
162 560 140 309
160 555 141 308
163 559 143 309
163 559 143 309
159 560 143 309
162 561 144 309
158 557 145 311
165 558 145 312
166 561 144 312
165 562 142 312
165 564 142 311
167 566 141 311
166 564 140 311
165 565 140 311
164 566 139 311
164 564 139 311
163 566 139 311
162 566 138 311
163 566 138 311
166 567 138 311
164 564 137 311
159 565 126 303
153 564 120 301
160 565 117 299
160 566 113 297
161 566 109 295
162 566 108 296
163 565 108 295
162 565 108 295
164 566 108 296
162 567 107 295
163 566 106 294
161 566 106 294
162 567 105 293
161 564 103 291
160 563 102 291
160 563 100 288
158 565 100 288
160 564 99 287
158 559 99 287
157 563 99 289
156 564 98 287
156 563 98 287
155 561 98 287
154 564 97 288
156 561 97 287
156 565 97 287
154 560 100 287
153 561 102 289
153 560 103 289
154 559 105 290
150 557 107 290
154 558 107 290
155 556 107 290
153 558 107 290
153 558 108 292
154 558 109 293
153 557 109 293
154 558 109 293
153 558 109 293
152 559 109 292
168 552 164 291
155 557 136 303
154 553 159 304
151 554 135 303
153 558 142 307
152 554 142 307
153 555 141 307
151 553 142 307
150 555 141 307
153 554 141 307
153 553 142 307
156 554 142 308
153 553 143 308
152 554 143 309
151 555 143 309
139 551 146 314
142 554 151 317
144 553 159 319
152 553 166 321
152 556 171 324
147 558 171 323
152 558 172 323
152 556 174 323
154 554 172 323
153 558 173 323
155 555 173 324
158 557 174 325
154 554 175 326
157 557 175 327
156 552 175 327
160 548 177 328
162 553 180 329
160 552 179 330
162 550 183 331
161 553 182 329
162 556 189 330
166 554 187 330
161 552 187 331
164 549 184 332
163 548 187 333
163 551 187 333
164 549 191 334
165 552 196 334
166 552 193 332
170 556 185 329
174 556 183 327
170 559 178 325
172 558 176 324
172 559 171 321
171 557 168 321
173 557 167 321
173 558 168 321
172 560 167 321
170 558 166 321
169 558 166 322
169 558 168 324
165 557 168 324
165 558 168 326
165 557 168 326
