118 576 106 245
119 577 114 250
117 575 116 253
118 576 111 248
118 576 112 247
119 576 112 246
119 576 109 245
118 576 110 245
121 576 109 243
121 578 110 242
116 576 109 242
112 576 109 242
115 576 109 242
113 576 108 242
112 576 106 241
112 575 106 241
110 576 106 241
0 640 0 400
119 576 109 241
114 576 101 241
110 576 100 241
115 576 103 241
129 571 140 245
130 573 132 244
120 576 109 241
115 576 108 242
127 574 124 242
110 577 91 238
116 579 91 235
120 579 93 235
118 580 95 235
121 581 96 233
120 582 97 233
122 582 97 233
119 582 97 233
64 560 171 272
119 582 98 233
123 582 94 231
124 583 93 231
119 582 93 232
123 583 94 231
124 582 94 231
122 582 95 231
108 582 80 228
99 582 72 229
108 583 60 225
140 575 113 227
113 582 53 220
112 582 46 218
113 583 45 217
114 583 50 219
108 582 53 222
111 583 49 220
117 583 54 220
134 565 120 225
113 582 56 219
114 584 41 215
98 584 38 217
105 584 37 214
111 582 34 213
110 582 32 212
111 580 30 211
111 579 29 210
112 579 28 209
108 576 28 209
114 577 28 209
113 573 28 209
45 578 27 229
139 572 98 221
107 579 36 213
107 578 31 212
111 578 26 207
60 570 26 216
55 571 32 223
140 569 116 222
106 579 55 217
104 578 52 217
107 575 54 218
111 578 57 219
109 578 57 219
108 578 57 219
107 579 55 219
109 579 55 218
108 577 55 219
106 579 55 219
109 578 56 219
110 579 56 220
106 578 56 221
121 578 85 226
124 575 109 233
127 573 117 233
128 574 120 235
111 571 122 239
119 574 118 237
183 564 183 233
125 575 113 235
123 574 112 235
126 576 113 234
125 575 113 234
127 576 116 234
125 573 119 235
147 569 166 245
97 567 175 269
75 567 176 275
112 567 180 261
93 567 183 266
110 568 181 263
43 564 209 300
108 569 165 262
129 574 139 243
129 572 149 245
126 572 147 245
132 572 148 245
103 567 154 256
113 569 158 251
98 566 163 263
81 567 165 265
75 572 159 268
88 566 161 261
85 566 162 267
63 568 195 282
83 571 168 267
85 570 164 267
84 565 163 265
87 569 164 267
85 567 166 268
72 568 167 271
65 569 170 275
72 572 165 271
79 571 148 263
100 574 143 251
99 574 140 251
107 576 137 248
100 575 138 249
66 570 158 268
70 571 202 286
87 573 147 259
100 575 139 250
100 576 139 250
96 576 138 251
98 577 138 250
101 575 140 246
