110 578 137 297
111 578 139 297
109 578 140 297
109 578 140 298
108 578 136 297
108 579 131 293
107 579 128 292
107 579 128 292
105 579 128 292
106 579 130 292
107 579 129 291
108 579 130 291
109 579 131 291
108 579 131 291
109 579 130 291
111 580 130 289
110 579 129 289
108 580 130 290
108 579 130 290
110 579 129 289
110 580 128 289
111 580 128 289
110 580 128 289
109 580 129 289
109 579 129 289
108 580 130 290
108 580 130 290
110 580 129 288
107 580 129 287
108 579 133 288
110 579 133 286
121 580 150 287
112 580 144 285
0 640 0 400
143 574 193 285
129 578 166 286
112 580 136 286
113 580 135 287
113 580 135 286
112 581 133 286
112 580 133 286
110 581 130 285
109 581 130 283
110 582 122 279
107 582 112 275
103 582 105 272
101 581 94 267
103 578 85 264
102 579 81 263
102 578 81 264
102 580 81 264
102 579 84 266
99 579 85 267
100 579 85 267
102 580 86 267
100 579 86 268
98 580 88 268
101 579 88 269
98 577 87 267
103 576 86 266
103 575 85 266
103 575 82 266
105 574 80 266
105 577 79 267
104 578 79 268
105 577 78 268
105 579 77 268
106 579 76 267
104 580 75 267
105 579 76 267
104 578 74 267
105 578 77 269
104 578 80 270
103 577 82 271
101 578 84 272
103 579 88 274
101 581 90 275
103 581 89 274
101 579 89 274
101 579 89 274
102 579 89 275
104 579 88 275
104 581 88 275
104 581 89 275
103 580 90 276
100 579 97 281
99 580 104 285
97 581 111 287
102 582 118 291
102 580 125 292
104 580 127 292
100 581 127 293
98 581 125 293
97 580 125 292
97 581 123 291
100 581 121 291
99 582 121 291
99 582 122 291
98 581 122 291
101 582 132 298
104 581 138 301
104 580 145 304
105 579 155 309
107 578 165 311
109 578 169 313
108 578 169 311
109 578 169 311
108 577 170 311
108 578 172 311
107 578 173 312
106 577 173 311
106 577 173 311
109 578 170 311
110 578 168 309
108 578 168 309
108 578 168 309
110 578 168 309
108 578 169 309
110 578 169 309
107 578 170 309
107 578 171 309
107 578 172 309
107 578 172 309
107 578 171 308
105 578 172 309
108 578 172 309
108 578 173 309
112 576 177 311
110 576 178 311
110 577 177 313
110 577 178 313
112 577 178 313
113 577 178 311
111 577 178 313
112 577 179 312
117 578 181 307
115 578 180 306
117 577 182 308
118 576 184 309
155 570 216 309
126 575 196 305
121 577 174 303
116 578 165 298
115 580 162 297
128 579 170 297
145 574 211 295
118 579 161 294
117 579 161 294
116 580 160 294
117 580 159 294
117 580 160 293
116 580 159 293
117 580 160 292
119 580 161 294
