10 444 113 278
11 443 113 282
8 442 109 282
8 442 106 280
9 443 107 282
0 640 0 400
6 442 115 280
6 442 109 279
8 443 109 281
7 442 109 281
7 442 109 281
8 441 107 281
8 442 107 280
8 442 107 281
8 442 107 281
6 442 106 281
7 442 107 280
7 441 106 279
4 442 106 277
8 443 108 277
4 442 107 277
8 443 107 279
7 442 106 279
7 443 105 279
8 442 104 278
6 442 105 279
5 443 105 278
7 442 104 278
8 443 104 277
6 443 108 275
7 442 104 275
4 443 105 272
4 444 103 272
4 443 103 272
4 443 104 272
4 444 105 272
4 442 106 271
4 442 105 270
6 443 106 270
5 442 105 272
4 443 104 272
4 442 102 273
4 442 92 270
9 441 84 267
8 440 80 264
8 439 75 263
9 438 72 262
4 439 72 262
8 438 70 261
6 438 71 262
6 438 71 262
7 438 71 262
5 438 71 262
5 438 72 262
7 438 72 262
6 437 72 262
8 438 70 261
9 438 69 261
10 438 64 259
8 437 61 257
10 436 60 258
22 437 58 258
18 438 56 257
22 437 56 258
17 437 55 257
9 437 54 256
23 437 54 257
30 437 142 257
10 438 53 255
9 438 52 255
21 437 53 256
25 438 56 257
16 437 60 257
0 640 0 400
9 439 82 259
9 440 88 263
9 441 88 264
13 439 85 262
11 439 82 263
9 440 83 263
8 440 83 263
8 441 83 264
9 441 84 266
10 440 84 263
9 440 85 265
8 441 85 264
9 441 92 267
8 442 97 270
8 441 101 271
16 441 111 272
17 443 116 274
18 442 119 273
23 443 124 275
23 445 124 277
65 442 205 284
37 444 177 274
18 447 121 275
19 446 119 275
13 446 119 277
19 445 120 278
22 447 133 281
21 449 139 285
18 449 145 286
9 449 155 292
9 448 158 292
9 448 158 293
10 448 154 292
10 447 155 293
22 448 156 292
11 448 157 293
11 448 156 292
16 447 158 293
18 446 159 294
19 447 166 294
17 447 165 294
14 448 169 294
21 448 169 294
22 447 170 294
11 448 169 295
12 447 169 294
18 447 166 294
36 444 222 309
13 446 162 288
12 446 160 290
10 447 160 291
15 447 161 289
12 447 162 290
14 446 159 287
11 446 158 287
9 446 153 287
9 446 152 286
6 446 148 284
4 446 148 284
4 447 148 284
4 446 149 285
4 446 149 286
4 446 149 285
7 446 149 285
4 445 149 286
6 446 149 285
4 446 150 286
