196 549 186 335
196 549 186 335
197 548 185 335
198 548 185 335
197 549 185 335
198 554 184 334
197 554 183 333
198 553 183 333
198 554 183 333
197 553 182 333
198 554 182 333
196 554 182 333
196 554 182 333
197 553 182 333
197 554 181 333
196 554 182 334
196 553 182 334
196 553 182 333
198 552 182 334
197 554 182 334
198 553 182 335
197 553 182 335
196 553 182 335
196 552 181 335
196 552 180 334
196 554 180 333
195 553 178 332
199 549 179 332
197 549 178 333
199 549 177 332
199 553 177 331
200 553 177 330
200 553 177 332
198 555 176 331
201 553 175 330
198 555 174 329
198 553 173 329
197 553 174 330
212 553 208 333
222 548 229 341
196 552 173 327
197 550 154 323
194 553 151 321
196 550 150 321
194 548 147 319
193 550 145 318
196 547 146 319
192 549 146 319
194 550 145 319
195 548 146 319
194 549 145 318
196 549 146 318
193 552 146 318
192 556 146 317
192 547 144 316
191 556 141 314
189 555 138 313
190 557 137 312
191 559 136 310
191 559 138 311
191 560 138 312
192 560 139 312
194 559 138 311
194 559 139 311
191 560 140 311
191 560 139 311
193 559 140 312
193 557 140 312
193 558 139 311
192 558 142 308
191 557 143 308
192 549 145 311
191 553 147 313
192 554 148 315
190 556 149 314
192 555 149 315
191 551 149 315
192 551 149 316
192 553 150 317
192 549 150 317
193 550 150 317
193 550 150 317
190 549 149 317
189 549 150 319
199 550 192 325
189 546 169 328
185 547 170 332
187 546 176 338
185 544 177 340
186 542 180 342
184 542 180 342
184 542 180 343
185 542 180 343
184 543 180 343
186 543 181 344
185 542 181 344
184 543 180 343
185 543 180 343
188 540 181 345
189 533 187 352
189 527 190 356
190 532 197 356
195 536 224 360
194 536 224 368
193 530 219 369
193 532 217 369
192 533 214 367
193 532 214 369
192 533 214 367
190 530 213 367
193 534 214 368
193 536 214 367
192 535 214 367
204 541 241 364
202 543 231 368
201 545 228 373
202 544 227 375
201 546 229 377
203 546 229 377
200 545 232 378
203 543 233 379
203 545 233 380
203 544 233 380
202 545 232 380
204 545 233 381
204 544 232 381
204 548 225 374
203 545 219 370
203 548 218 368
204 548 214 363
203 548 207 360
202 546 208 361
202 542 208 360
203 546 208 361
203 546 209 362
203 548 209 363
202 546 210 364
202 544 212 365
201 548 211 364
199 547 212 365
201 545 211 365
