145 567 138 267
131 566 65 224
149 565 127 252
142 571 119 251
142 568 118 251
139 571 117 254
137 573 115 255
137 575 115 256
0 640 0 400
148 560 132 262
144 569 127 264
141 570 126 265
141 570 120 260
140 571 119 258
142 572 118 256
201 481 188 258
150 565 134 262
156 565 136 257
150 566 131 260
150 569 129 260
149 570 128 260
146 569 127 261
147 571 127 262
146 572 128 261
144 569 126 260
146 571 121 255
143 569 122 260
144 572 123 259
143 571 124 261
144 573 125 261
150 575 130 259
152 574 137 260
155 575 140 258
152 572 141 254
157 574 140 256
157 572 136 250
161 571 133 247
159 571 129 246
158 572 130 247
159 574 129 248
156 574 128 248
153 574 125 247
157 574 126 246
157 574 127 245
157 573 127 246
156 573 124 243
149 574 102 237
134 581 81 236
133 581 77 236
130 581 74 238
131 581 76 240
131 582 75 241
151 574 110 247
130 580 83 244
129 581 81 245
126 581 79 244
122 581 79 244
124 581 78 244
125 580 77 244
127 580 74 240
131 580 74 241
129 579 70 239
128 577 68 236
121 572 68 236
124 574 70 235
117 577 71 240
164 557 138 250
136 561 92 241
131 567 78 238
122 572 76 239
0 640 0 400
129 565 86 245
132 570 83 243
120 570 80 242
107 572 78 242
147 556 113 243
139 556 89 230
129 562 92 236
131 556 96 237
134 559 103 243
133 559 102 243
133 557 100 241
132 557 99 241
138 558 97 240
133 553 94 238
127 557 93 240
131 561 93 240
132 561 93 241
127 561 92 241
129 557 93 243
134 560 101 246
138 559 130 260
138 559 133 261
134 565 123 262
137 564 133 265
136 560 135 266
137 561 132 264
136 562 131 265
135 566 129 268
137 566 128 266
136 567 128 268
138 567 126 268
148 559 140 273
141 562 136 274
139 565 137 276
145 562 159 285
146 562 160 285
146 564 164 287
149 560 169 290
150 559 173 293
149 560 173 294
147 561 172 294
146 563 171 296
145 558 169 295
146 561 169 294
146 559 170 294
147 562 171 296
33 124 347 394
153 547 182 304
153 558 185 304
158 559 190 301
166 558 192 299
175 563 195 298
184 561 204 299
181 562 205 298
186 561 200 296
195 562 199 295
187 562 201 296
194 520 213 297
185 533 207 299
183 546 209 298
191 549 209 299
187 550 208 299
189 550 209 297
191 551 206 297
189 554 206 298
190 555 209 295
0 640 0 400
202 547 201 293
199 560 197 289
197 561 197 287
197 565 189 281
57 96 362 380
192 568 176 275
185 567 176 277
187 567 179 278
185 568 179 278
32 49 349 357
184 566 180 278
198 566 179 278
32 54 348 358
185 567 176 276
185 566 177 277
