228 472 329 378
185 520 250 372
185 521 249 373
186 520 254 378
186 520 255 379
186 521 256 379
186 519 257 380
186 520 257 380
186 520 258 380
186 519 258 380
184 519 260 381
186 519 260 381
186 519 261 383
185 517 262 384
185 517 262 383
185 518 262 383
185 519 262 384
184 519 262 384
186 519 262 384
186 519 263 385
186 519 263 385
232 498 333 395
231 486 342 395
186 518 261 382
184 518 260 383
185 520 261 383
186 518 262 384
185 516 262 384
186 517 261 384
187 517 260 384
187 513 260 384
188 518 261 384
188 521 261 384
187 519 261 384
188 517 262 384
186 519 259 381
187 529 240 363
183 543 210 332
181 544 212 334
178 543 214 336
180 543 216 338
182 542 220 342
181 542 222 345
180 541 215 341
174 543 197 336
176 542 194 336
177 543 193 335
177 544 191 334
178 541 194 336
176 542 195 337
174 543 196 337
176 542 197 338
176 542 197 339
176 542 198 339
177 542 198 339
177 542 198 339
178 542 198 339
174 542 193 335
172 541 187 333
174 542 185 332
174 540 185 332
172 541 186 331
169 540 188 333
168 541 187 332
168 540 188 334
168 540 191 337
168 540 193 339
168 540 192 337
167 541 192 337
166 540 193 339
168 539 195 337
175 534 206 339
172 534 202 339
174 532 204 339
171 531 206 339
171 530 208 339
168 529 207 339
171 528 208 340
170 530 208 339
170 529 207 340
171 526 208 340
171 527 208 341
171 528 208 342
171 526 209 340
170 527 210 342
174 523 226 352
172 525 226 353
174 520 230 357
172 517 234 360
172 523 239 365
173 521 239 364
172 521 240 364
172 521 239 363
172 522 240 363
174 522 240 364
202 511 286 366
172 524 237 360
174 521 237 361
176 523 253 375
176 522 256 376
177 522 262 380
179 517 271 385
178 521 277 389
161 522 277 391
179 519 278 390
178 521 277 390
0 640 0 400
202 511 292 382
189 522 283 385
189 522 281 385
187 522 280 387
186 522 280 386
188 521 284 389
191 522 287 390
194 521 288 391
197 521 291 392
202 521 295 393
202 520 296 393
201 521 296 393
201 521 297 393
202 521 298 393
201 521 297 393
202 521 298 393
202 520 298 393
205 520 300 392
203 520 299 392
205 518 299 393
205 521 296 389
203 522 292 387
201 523 281 385
195 524 269 378
195 526 265 376
193 525 267 378
194 524 269 381
194 524 270 381
194 525 271 381
194 524 273 382
195 524 273 382
195 523 273 382
195 524 273 382
195 524 273 382
194 523 273 382
