180 537 209 346
179 536 209 345
181 535 207 343
185 534 205 343
183 529 202 344
181 537 200 343
183 536 201 345
182 534 201 345
182 536 202 345
183 535 204 347
182 532 204 347
183 534 205 348
179 532 205 347
178 533 205 347
180 534 205 348
182 532 205 348
178 532 206 349
233 495 301 360
183 530 215 350
181 529 210 349
182 532 209 349
183 530 209 351
183 532 210 351
183 528 210 352
183 531 211 352
182 527 210 352
181 533 211 349
182 525 212 349
179 518 212 348
179 506 213 348
178 502 213 348
177 510 215 349
178 509 215 348
178 503 214 348
180 497 214 348
179 504 214 348
178 512 213 348
176 509 213 348
179 510 212 348
178 515 211 348
182 518 212 348
174 534 192 340
174 537 185 339
171 546 178 337
175 546 172 333
168 547 166 329
171 542 166 331
172 544 166 331
172 544 166 332
217 516 270 346
174 535 183 338
174 541 179 338
173 538 177 337
174 539 175 336
177 540 174 335
176 541 171 333
176 541 169 331
176 538 166 326
175 539 164 327
173 540 165 327
220 504 286 351
176 537 174 330
175 536 170 329
175 538 167 327
178 538 167 328
178 538 168 328
175 540 168 330
175 537 168 329
175 542 169 331
176 531 170 332
174 537 173 335
172 527 174 336
169 535 177 337
170 528 181 341
170 529 180 340
170 532 179 339
171 532 179 339
170 530 179 340
172 525 178 340
193 523 222 351
174 527 188 342
457 466 28 31
181 526 195 347
173 525 197 350
163 516 201 355
163 516 202 357
174 522 215 359
184 527 225 361
180 521 222 361
174 517 219 361
178 514 219 361
175 521 218 362
171 513 218 365
197 517 275 383
202 514 287 385
195 516 281 398
178 516 250 393
176 512 251 398
181 517 259 398
184 517 263 398
188 516 266 398
187 516 270 398
186 514 273 398
188 513 271 398
187 509 271 398
187 513 271 398
187 515 271 398
189 515 273 398
187 510 273 398
187 516 273 398
188 514 275 398
188 513 275 398
192 507 280 398
190 509 282 398
189 511 282 398
191 515 283 398
193 508 285 398
193 508 287 398
193 510 287 398
0 640 0 400
209 492 305 398
201 499 300 398
195 519 289 398
191 522 284 398
190 518 256 369
189 532 244 358
190 534 244 359
192 535 247 363
192 532 248 364
193 535 244 359
192 536 245 359
190 525 242 357
191 524 240 356
190 518 237 353
189 510 239 354
190 519 247 353
188 519 240 354
188 514 237 354
187 529 234 355
187 507 233 355
185 502 233 354
184 522 232 354
185 530 229 353
