183 576 157 332
181 576 151 332
184 572 169 345
181 570 206 371
180 570 214 375
180 569 216 375
180 569 215 371
192 563 228 374
194 560 255 372
179 566 233 369
180 567 229 370
179 568 226 369
179 568 225 369
179 568 225 369
180 568 225 370
180 568 226 370
180 567 226 371
179 567 227 372
180 566 228 373
179 567 228 373
179 567 227 372
179 567 227 372
179 567 227 372
179 568 225 370
179 568 225 370
180 568 223 369
177 570 221 366
179 572 219 365
181 572 218 364
179 571 216 364
227 550 324 398
187 568 233 364
182 570 226 365
180 571 225 365
180 571 225 365
181 571 224 365
179 572 225 367
179 571 225 367
179 572 225 366
179 572 225 366
179 572 225 366
179 572 226 367
179 571 226 367
182 572 202 355
184 574 195 351
183 575 190 349
181 575 187 347
178 576 174 338
181 576 174 338
179 575 182 346
178 575 182 347
178 574 183 348
179 575 181 345
184 572 184 341
222 554 265 355
184 572 205 352
180 573 187 346
177 574 184 349
178 575 178 345
180 576 176 345
180 577 173 345
180 575 172 346
180 574 170 345
180 573 169 343
179 574 169 344
180 573 168 343
179 572 166 341
178 572 166 341
179 574 167 342
179 573 167 342
177 573 166 341
180 572 193 354
177 573 180 351
176 574 179 352
177 575 180 353
173 574 182 356
176 576 182 355
173 573 180 355
175 574 180 353
174 574 180 353
175 572 178 351
176 572 179 352
176 572 178 352
174 572 178 352
175 574 186 356
178 573 190 358
176 573 196 363
177 570 202 369
177 570 209 375
177 570 212 374
177 570 210 372
178 570 209 372
177 569 208 371
178 569 208 371
177 569 208 371
177 569 209 372
177 568 208 371
210 555 291 372
182 563 235 374
180 563 237 379
182 560 256 389
181 558 260 394
183 559 262 396
181 558 264 398
182 557 265 398
178 557 262 397
179 557 262 398
178 557 263 398
180 556 263 398
179 557 263 398
181 557 262 398
179 557 263 398
180 558 263 398
182 554 268 398
186 558 269 398
186 558 270 398
184 558 272 398
186 558 271 398
184 559 272 398
186 559 272 398
184 559 272 398
184 558 273 398
184 558 275 398
185 558 276 398
183 558 276 398
184 558 274 398
185 558 275 398
187 558 273 398
187 559 270 398
188 561 269 398
191 562 267 398
190 562 265 395
190 563 262 394
189 563 262 394
190 563 261 393
189 563 262 394
190 563 261 392
190 564 262 394
190 563 261 394
190 563 261 393
189 563 260 391
190 564 260 390
