99 545 172 391
99 545 170 391
98 544 175 391
99 547 176 394
99 547 176 394
95 547 176 394
96 545 175 393
94 545 174 393
99 545 175 393
96 547 176 394
92 545 176 394
98 545 176 393
96 547 176 393
100 547 177 398
129 525 271 389
94 544 187 398
96 544 182 395
97 545 181 393
99 546 180 397
99 545 180 395
98 545 179 394
98 545 179 395
118 537 261 390
100 545 193 393
99 544 188 393
96 543 182 395
99 544 182 397
99 545 182 398
99 545 184 398
100 546 182 398
107 548 181 398
110 529 246 391
101 549 182 394
103 550 180 395
100 548 179 395
104 550 179 395
102 549 178 397
98 550 178 398
103 549 178 398
104 549 178 398
102 548 177 395
102 549 177 398
105 550 178 398
100 549 179 398
106 551 163 390
111 552 155 388
106 551 150 387
107 552 144 383
106 554 136 379
108 554 135 379
109 553 135 379
108 554 135 379
108 554 135 379
106 554 136 380
107 553 137 381
110 552 137 381
109 553 140 382
106 550 136 381
108 549 134 380
106 553 131 377
105 553 128 375
108 552 127 374
107 550 127 375
106 550 126 375
106 552 126 374
105 553 126 375
106 551 126 375
107 551 127 375
106 552 127 375
106 552 128 376
106 548 130 377
104 550 133 377
102 548 135 378
101 549 137 379
99 545 140 379
100 543 141 380
99 542 141 380
96 547 141 380
95 542 141 380
99 542 140 380
100 546 140 379
97 544 141 380
100 531 142 381
99 545 142 381
106 540 196 375
96 538 154 382
94 534 162 389
94 546 167 392
91 543 173 393
92 544 177 395
92 545 179 398
95 547 180 398
95 547 181 398
91 544 182 398
93 544 183 398
96 545 183 398
93 543 184 398
92 543 185 398
97 543 191 398
98 545 197 398
97 542 202 398
95 539 208 398
98 539 214 398
98 539 218 398
98 541 217 398
98 540 217 398
99 544 218 398
100 539 220 398
99 540 220 398
100 540 221 398
99 539 221 398
99 540 221 398
101 539 222 398
97 538 225 398
93 535 226 398
91 537 229 398
84 539 232 398
90 534 234 398
88 543 235 398
86 539 236 398
93 541 237 398
89 539 237 398
94 543 237 398
87 542 237 398
90 542 242 398
86 541 242 398
0 640 0 400
0 640 0 400
106 532 262 398
103 537 259 398
98 541 251 398
97 537 245 398
92 541 241 398
90 542 236 398
88 542 232 398
89 542 231 398
84 543 229 398
84 542 229 398
86 542 230 398
84 543 229 398
86 540 230 398
84 542 230 398
85 543 230 398
86 544 230 398
84 542 230 398
