90 560 135 285
70 562 137 284
68 561 137 287
86 562 132 284
93 562 130 283
87 562 129 283
87 561 130 283
88 562 128 282
91 562 126 281
87 562 126 282
89 562 125 282
78 561 124 282
90 560 124 281
90 561 128 282
87 563 128 283
87 561 129 283
90 561 130 283
83 563 132 285
71 562 134 285
70 562 134 285
82 562 134 283
75 562 133 284
86 562 133 285
78 562 133 284
77 562 133 284
87 563 133 284
83 562 133 284
83 562 133 284
77 561 134 285
75 562 134 285
78 562 134 283
71 563 132 283
79 563 131 282
71 563 130 283
77 564 130 280
71 563 130 280
71 563 130 280
72 563 130 281
73 561 130 279
71 563 130 280
59 563 130 281
71 563 131 281
73 562 131 281
72 563 130 282
77 562 105 273
88 558 98 271
83 555 94 270
90 557 87 269
65 557 82 267
50 557 81 267
67 557 81 267
72 556 81 268
70 558 82 268
61 556 82 269
94 557 83 268
92 558 83 269
89 556 83 269
85 556 82 269
82 554 80 268
58 553 78 268
53 554 77 268
55 553 75 268
55 552 73 265
67 549 73 265
60 555 72 265
60 550 73 265
69 553 72 265
58 550 73 265
54 552 73 265
63 553 73 265
68 553 73 265
55 552 73 265
53 551 79 268
52 554 82 269
72 550 85 270
92 553 88 270
94 551 90 270
94 553 92 272
94 554 93 272
91 551 93 272
93 551 93 272
95 553 93 272
94 556 93 272
95 554 93 272
96 554 93 271
84 552 93 272
93 555 101 275
93 562 111 278
92 563 118 280
95 563 122 282
95 563 126 283
96 562 130 284
97 563 131 284
96 563 131 284
95 561 131 284
90 562 131 283
97 563 132 283
96 563 133 284
98 563 134 284
97 562 134 284
94 562 136 285
90 562 142 284
73 562 151 287
60 562 156 291
71 560 162 294
48 562 165 298
82 560 166 292
79 561 167 294
75 562 167 295
80 562 167 295
82 561 167 295
36 562 167 301
90 562 169 292
94 562 173 293
101 561 174 292
103 560 176 292
104 562 177 293
106 562 179 291
110 562 182 289
109 562 184 291
109 562 184 290
108 562 183 289
111 561 184 291
111 563 183 290
114 562 183 289
119 562 183 288
112 562 184 289
118 562 185 287
112 562 184 291
114 561 176 285
105 562 171 287
109 563 168 285
97 562 164 290
101 562 165 291
102 561 164 291
103 562 165 291
109 562 165 287
103 562 164 289
101 562 164 291
104 562 165 290
100 562 161 291
100 562 163 291
