36 488 142 343
35 492 142 347
39 493 143 348
35 487 154 359
36 491 152 354
36 489 152 351
39 492 153 354
41 489 152 345
37 491 155 347
35 491 156 349
38 490 155 347
41 489 151 345
43 489 154 348
33 490 153 349
39 491 154 346
35 490 154 353
44 489 154 344
30 492 154 343
40 491 152 344
36 492 152 351
41 490 152 345
39 490 151 352
32 488 151 350
33 486 151 349
35 493 151 351
59 492 170 352
44 492 161 354
47 492 160 342
56 491 157 340
55 492 155 343
41 496 156 346
60 495 157 334
43 494 155 346
50 491 155 342
56 494 152 333
54 494 154 337
45 495 153 340
39 495 154 337
55 494 154 335
50 493 154 335
50 492 150 334
42 491 139 326
31 487 131 327
38 486 122 320
37 484 117 315
38 484 111 314
41 483 113 316
36 485 112 318
30 485 112 316
23 485 113 313
31 484 113 315
36 484 113 318
32 486 112 316
32 483 109 318
36 486 105 317
40 482 105 315
35 487 102 317
40 483 100 313
38 485 99 313
37 486 98 312
45 485 99 312
47 482 99 313
42 485 97 308
34 485 97 316
29 482 95 311
35 482 95 310
35 484 96 306
27 484 113 318
36 484 108 318
35 487 111 319
37 488 114 318
39 486 117 322
30 487 119 320
34 485 121 330
27 485 119 323
40 486 118 321
41 484 118 318
32 484 118 331
30 483 118 327
34 483 114 322
29 484 114 329
33 485 114 327
30 483 114 325
30 483 114 326
38 485 125 335
24 486 135 341
28 490 142 335
29 483 147 345
34 486 150 356
27 490 151 357
28 491 150 356
24 488 150 347
29 491 150 348
27 493 150 351
27 490 150 358
24 485 151 351
25 491 151 360
29 492 154 359
28 490 162 364
28 494 166 367
30 488 174 368
37 492 179 369
36 494 185 371
41 494 186 369
40 495 186 373
41 495 186 368
36 493 186 372
40 495 186 370
41 494 186 371
43 495 186 367
35 494 188 369
42 495 187 370
66 493 218 372
86 496 214 366
70 493 199 370
66 491 194 366
84 493 196 370
71 494 198 372
76 496 201 372
62 495 200 376
75 496 200 372
81 495 201 371
82 497 200 374
72 498 202 371
79 497 201 371
77 496 201 369
81 496 199 370
84 497 209 375
86 497 193 360
91 499 194 353
94 500 191 350
96 502 191 351
102 503 186 343
75 498 186 354
93 499 184 350
88 499 186 350
91 501 189 348
91 499 187 350
91 499 187 347
101 501 188 346
90 501 187 349
61 495 154 325
