165 574 138 282
165 574 141 284
169 569 137 279
169 570 136 281
168 573 136 283
170 573 136 285
171 573 135 285
171 574 136 286
169 573 136 286
170 572 136 287
170 572 135 287
170 573 136 287
171 573 135 286
171 574 135 287
171 572 135 287
171 574 136 287
171 572 135 288
171 573 134 288
170 572 134 289
170 571 135 289
167 571 135 289
169 571 135 289
168 572 134 289
169 569 134 289
169 572 134 287
170 573 134 288
169 572 133 288
170 572 133 288
174 573 133 286
175 572 133 285
176 575 132 284
177 577 131 283
177 576 130 283
176 576 129 283
176 574 129 282
171 576 129 282
174 576 128 282
174 576 128 283
175 576 128 282
174 576 128 282
174 576 128 282
172 576 127 282
172 576 128 282
175 577 124 279
170 579 112 274
168 578 105 271
168 578 100 269
165 579 95 268
163 580 91 267
163 580 90 266
162 579 90 266
166 580 90 267
166 580 89 266
164 580 89 266
165 580 89 266
162 581 89 266
165 580 89 266
165 579 89 267
161 579 86 263
161 580 85 262
161 579 82 261
159 576 81 259
160 578 80 260
160 579 80 259
160 578 80 259
160 580 80 257
160 579 79 260
158 578 78 259
160 579 78 258
160 579 79 259
159 580 78 259
157 577 83 260
153 577 85 261
153 578 88 263
154 577 88 263
153 575 89 265
153 575 91 266
154 572 91 265
154 574 90 265
152 576 89 265
154 572 89 265
154 575 89 265
154 576 90 265
154 576 89 265
152 571 90 267
152 577 98 277
152 578 105 284
152 574 110 288
151 577 116 293
151 578 120 297
152 576 120 296
152 573 120 295
149 573 120 296
152 576 121 296
152 576 121 296
150 574 122 296
154 577 123 296
152 575 124 297
155 574 128 302
157 575 136 307
160 572 144 313
162 574 149 316
163 573 155 319
165 574 158 320
164 573 158 319
167 572 160 319
166 574 161 320
166 573 161 319
168 574 162 319
167 574 161 319
167 570 161 319
165 572 162 319
166 573 163 319
169 571 166 321
171 566 169 322
173 570 172 322
173 571 175 323
177 571 178 322
179 570 180 323
180 570 180 323
180 572 180 323
177 571 180 323
178 570 181 323
178 571 181 323
179 570 181 323
175 570 181 323
178 569 182 323
179 571 182 322
176 571 180 318
181 573 177 315
178 574 175 312
179 574 173 309
179 573 170 307
183 574 169 307
183 573 169 307
184 573 168 307
181 574 168 307
184 573 168 307
183 574 168 307
182 573 168 307
183 573 168 307
183 574 168 307
183 574 168 307
