170 560 172 348
169 555 172 349
168 557 173 349
169 559 174 349
168 557 174 350
168 556 174 351
164 557 174 350
167 555 174 351
164 557 174 351
167 556 174 350
166 556 175 350
169 554 176 351
168 554 176 351
164 552 176 350
167 556 176 351
168 554 176 351
167 552 176 351
166 554 177 351
166 554 176 351
166 555 176 351
165 554 176 351
164 554 176 351
166 554 176 350
164 555 176 351
272 532 281 353
0 640 0 400
168 554 182 350
168 555 174 348
165 557 175 348
169 557 174 346
169 562 175 346
168 560 175 345
169 562 174 345
169 561 173 345
165 553 174 345
167 557 173 345
167 560 173 346
163 561 175 345
165 561 176 346
168 558 176 346
166 558 175 346
167 564 171 341
168 560 163 337
166 560 161 335
170 561 157 333
168 562 153 330
168 561 153 330
167 563 153 330
165 561 154 330
165 562 154 330
164 562 154 329
164 563 154 330
168 562 154 330
168 561 154 330
166 563 154 330
163 561 155 331
167 564 152 329
163 564 151 329
165 563 150 329
161 562 149 328
163 559 149 328
168 559 151 329
168 554 154 332
167 547 153 331
165 556 153 329
168 548 153 330
167 554 152 330
166 553 152 329
170 554 152 329
166 555 151 329
165 550 152 329
167 552 153 329
167 548 155 331
170 546 157 332
167 547 159 334
161 540 161 335
161 540 162 336
163 555 162 335
166 550 162 335
168 551 162 334
164 551 162 335
165 546 162 333
165 544 162 334
164 539 162 334
172 535 174 337
179 550 219 347
182 547 196 337
167 536 190 349
168 541 180 350
172 536 181 354
172 536 183 358
170 533 181 356
171 526 186 355
170 524 185 356
171 526 187 356
166 529 190 356
170 525 189 355
170 523 188 356
168 522 188 357
170 529 192 361
161 529 195 367
168 526 200 371
165 535 202 374
157 530 208 377
157 542 218 380
159 526 219 379
162 528 219 379
159 539 218 378
161 525 218 379
164 537 217 379
160 539 218 378
158 543 219 378
156 526 219 378
159 524 219 378
163 532 220 380
156 535 220 381
159 541 222 382
150 541 224 383
157 551 227 383
156 550 229 384
162 550 230 384
162 550 230 384
158 547 229 383
160 552 229 383
159 551 229 383
140 551 229 383
157 551 229 383
156 549 228 383
160 552 226 381
165 539 222 377
161 543 220 375
164 538 215 372
157 534 211 371
164 540 210 369
167 536 210 369
169 542 211 370
166 537 212 370
168 535 213 369
163 535 214 370
180 549 238 371
209 538 257 367
220 540 260 365
165 539 211 365
