124 528 201 324
125 524 200 328
124 526 200 329
122 523 204 331
123 521 203 330
121 519 204 331
124 518 204 332
122 517 204 333
123 521 204 333
122 521 204 334
120 519 202 333
119 530 201 333
121 526 201 332
120 523 200 332
123 523 200 329
119 528 200 331
120 524 200 332
122 522 200 332
121 522 199 331
121 529 199 329
126 522 198 329
119 524 198 330
123 524 198 329
121 522 197 328
121 522 197 327
120 524 198 327
122 521 198 326
124 525 198 327
124 524 198 326
122 519 198 327
122 517 200 328
123 523 200 330
122 519 199 331
124 533 199 336
122 532 198 333
121 529 198 335
121 523 197 335
121 529 197 334
120 527 197 335
121 525 197 334
119 529 197 334
121 529 197 335
119 527 197 333
118 527 196 333
122 531 194 334
122 526 189 331
122 525 172 325
124 526 166 325
125 514 160 320
124 510 158 317
122 522 158 319
123 521 158 318
124 519 160 319
123 518 159 318
124 516 159 320
124 509 159 314
121 516 158 314
129 527 191 315
124 516 163 319
123 517 160 319
122 517 158 317
125 523 156 313
125 523 154 313
122 519 153 312
125 518 151 311
125 518 151 310
124 523 151 309
124 516 151 310
125 523 150 309
154 505 212 317
126 515 154 310
127 514 152 308
129 518 152 308
127 518 150 307
125 517 150 308
129 518 151 307
126 517 154 309
127 519 156 312
127 512 158 313
127 515 160 315
127 515 162 317
127 516 161 315
128 513 161 315
129 514 161 315
127 513 161 315
144 509 185 311
169 502 242 321
126 512 168 315
128 510 162 315
127 518 162 314
128 516 161 313
127 509 162 315
126 517 168 319
126 518 176 324
126 513 178 325
128 526 184 329
124 528 187 331
124 529 188 330
124 527 187 329
124 527 190 329
126 519 229 331
131 522 221 330
124 530 195 329
125 527 194 329
124 528 194 329
123 523 193 328
123 524 193 328
126 526 192 326
122 524 193 326
126 524 196 331
123 525 202 335
126 522 211 342
126 517 215 345
124 506 222 348
121 516 225 349
120 516 226 348
134 503 235 347
153 512 269 349
126 506 235 348
124 513 234 345
122 516 234 346
122 514 235 345
123 519 236 341
121 516 238 343
128 511 237 345
130 519 240 346
125 517 240 348
125 520 243 350
128 521 245 351
126 519 246 351
126 521 246 351
129 530 246 351
129 527 246 351
126 529 246 351
153 516 265 351
138 529 252 352
39 125 47 155
148 527 255 353
142 522 253 353
138 520 251 352
136 529 246 348
139 529 244 346
132 535 242 344
130 533 240 342
123 534 236 340
127 535 236 342
132 533 236 342
123 532 235 341
142 534 242 341
135 531 239 340
127 532 232 341
128 532 232 341
130 537 232 339
126 537 231 338
124 539 231 337
