130 567 152 313
129 568 149 313
130 567 150 315
130 568 147 312
129 568 147 313
129 568 146 312
129 568 147 313
129 568 147 313
128 568 148 313
130 566 147 313
129 568 147 312
128 568 147 313
129 568 147 313
128 568 147 312
129 568 147 313
128 568 146 312
128 567 146 313
128 568 146 313
130 569 146 312
129 568 146 313
129 568 146 313
128 568 146 312
128 568 147 314
128 568 147 312
129 568 146 313
129 567 146 313
128 567 146 313
128 568 146 312
128 568 145 311
128 568 145 311
129 567 144 309
129 568 143 309
129 569 142 308
128 569 142 309
128 569 142 309
129 569 142 309
128 569 142 309
128 569 142 309
128 569 142 309
128 569 142 309
127 568 141 309
127 569 141 309
127 570 133 306
126 569 126 303
128 570 120 301
125 571 114 299
123 572 109 295
123 572 107 293
123 572 106 293
122 572 107 294
123 572 108 293
123 572 107 293
123 572 107 295
124 571 107 294
123 572 107 294
124 572 106 294
122 571 106 295
124 572 104 293
125 572 101 292
124 572 99 291
125 573 98 289
125 572 98 289
125 572 98 291
124 573 98 291
125 572 98 290
126 572 98 289
124 572 98 290
125 572 99 290
125 572 101 291
125 570 104 292
125 572 106 293
125 570 108 293
124 570 110 295
125 569 113 296
123 569 113 296
125 570 112 295
122 570 112 297
123 570 113 296
123 569 113 296
122 569 112 296
123 569 112 293
122 569 117 296
122 569 123 297
124 568 129 300
124 568 132 301
122 568 136 303
123 568 141 307
122 567 141 305
123 566 141 306
122 567 141 305
122 567 141 307
123 568 142 306
122 568 144 307
123 568 144 307
123 568 144 308
123 568 144 308
125 566 151 310
126 566 158 314
127 567 168 317
131 564 183 322
136 565 193 322
136 564 196 324
135 564 195 324
136 564 195 324
137 564 195 323
134 564 195 324
135 564 195 325
136 564 196 324
134 564 196 326
136 564 196 325
135 564 196 325
135 564 196 326
138 562 198 325
140 561 200 327
144 562 200 328
146 562 201 328
152 563 201 328
153 563 201 328
152 562 201 328
152 562 202 328
153 562 202 328
153 562 203 329
154 562 204 329
155 561 204 329
156 562 204 328
155 560 204 328
154 561 205 329
155 562 204 327
159 562 202 324
157 562 201 324
162 563 197 320
160 563 195 319
155 564 191 319
156 563 192 319
152 563 192 319
156 564 192 318
153 563 192 319
156 564 193 319
153 564 192 319
152 563 192 320
156 564 192 319
155 564 192 320
155 564 191 319
