93 530 173 350
96 533 171 349
99 540 159 343
98 541 154 339
102 543 156 343
100 545 166 350
100 541 157 340
101 545 155 341
101 545 157 345
105 549 164 353
104 546 164 353
99 541 158 345
99 540 156 344
102 546 157 348
104 545 161 348
105 544 164 354
101 543 160 347
101 542 155 342
100 540 157 347
104 541 165 354
103 545 165 353
103 545 166 355
99 544 158 349
100 542 159 349
105 547 166 357
102 544 167 359
102 544 168 360
104 541 166 360
104 545 164 360
100 545 160 357
100 548 158 357
99 549 157 357
102 549 157 356
95 546 159 357
93 548 162 363
98 549 165 366
101 546 163 364
100 548 156 357
95 548 156 357
97 548 163 365
100 545 164 366
88 545 157 362
98 547 149 356
90 546 143 352
103 546 151 355
100 547 144 355
90 546 142 352
87 545 141 353
98 548 139 351
97 547 139 351
87 546 143 352
85 549 143 354
87 547 141 351
86 545 140 351
83 549 141 352
88 546 139 351
79 546 138 349
76 547 137 347
81 541 135 345
83 541 134 347
87 543 135 346
72 544 135 345
75 544 135 345
75 546 133 345
75 545 134 345
81 545 135 347
70 545 135 345
84 544 136 344
81 542 137 347
89 541 138 346
91 541 140 346
110 533 214 355
101 536 152 343
96 534 151 347
97 529 156 351
94 526 156 348
94 530 153 347
91 529 153 347
91 531 153 348
89 529 152 348
91 532 151 345
136 515 244 348
0 640 0 400
108 537 176 357
100 534 161 355
99 539 154 352
98 534 154 345
96 531 157 346
100 528 165 350
97 534 170 357
101 532 178 363
101 529 179 364
97 528 172 355
94 529 172 354
94 531 171 356
97 532 170 353
99 534 169 352
137 485 269 356
113 525 221 362
99 529 174 355
97 530 172 355
96 531 180 358
98 530 186 365
94 530 198 371
98 526 201 368
99 521 208 372
100 524 209 369
101 527 209 371
99 526 211 367
98 522 211 369
98 526 210 369
101 525 209 371
100 528 208 371
98 527 210 370
96 522 210 371
100 523 216 375
100 528 223 377
105 528 228 377
103 526 230 377
109 531 232 377
110 528 232 376
107 529 233 376
122 524 250 375
117 506 287 373
111 529 234 375
109 531 233 376
108 531 231 377
109 530 232 377
105 533 227 377
108 538 225 377
109 536 219 375
109 539 216 375
105 540 212 373
107 541 210 372
106 543 209 372
106 541 206 372
105 541 206 371
106 543 206 371
109 540 207 371
107 541 208 371
106 541 208 371
108 539 210 373
