129 560 187 318
131 557 198 324
140 556 200 307
128 559 180 307
130 560 180 306
130 561 182 307
132 560 181 307
130 561 182 307
132 560 177 306
130 562 174 305
132 561 170 304
131 561 172 304
133 561 174 304
130 560 176 304
132 560 177 305
131 561 178 302
134 561 180 302
132 561 180 302
134 560 180 303
137 560 181 303
132 560 182 303
138 561 185 303
140 560 184 300
142 559 186 301
141 560 186 301
139 560 186 301
146 560 186 299
147 560 184 299
143 561 181 298
151 560 182 297
198 541 241 301
177 547 236 300
164 559 198 297
148 561 180 297
144 561 178 297
139 562 176 299
139 562 175 299
138 561 176 299
145 561 180 301
141 561 179 301
142 563 169 296
144 562 153 293
140 563 145 291
139 563 143 288
138 563 139 288
132 562 139 288
135 563 139 289
136 562 140 289
136 562 140 289
137 563 140 289
135 563 140 289
136 563 140 289
136 563 141 288
138 563 142 289
136 563 142 289
135 564 138 286
134 564 136 285
135 564 136 285
132 564 133 284
130 564 134 284
132 563 134 284
130 562 134 284
131 563 135 285
130 562 136 285
130 562 137 285
128 562 137 286
128 562 138 287
132 562 139 288
129 562 144 291
130 562 147 293
133 562 150 295
132 561 153 296
131 561 154 298
131 562 155 297
131 561 154 299
131 561 154 297
131 561 154 298
130 561 154 299
130 561 154 299
130 561 154 300
130 561 155 301
131 561 156 301
129 560 158 303
130 560 170 307
130 560 172 311
131 560 176 316
131 558 181 319
132 557 185 322
131 556 185 321
136 555 190 322
181 530 255 318
135 555 192 319
136 556 190 319
135 554 190 319
134 555 191 319
134 556 192 320
134 554 192 321
135 554 194 323
132 553 198 326
126 552 211 334
123 551 219 338
132 550 225 341
123 549 230 344
141 549 232 345
144 548 233 345
121 548 236 353
119 549 237 353
149 548 237 348
135 549 238 348
139 548 239 348
104 547 240 368
144 548 241 348
156 546 243 349
155 546 245 350
156 546 248 352
160 545 250 353
158 545 251 353
155 545 253 353
164 545 254 353
160 545 255 353
162 545 255 353
156 545 255 353
158 545 256 353
161 545 256 353
157 545 256 353
163 544 256 352
163 546 256 352
164 544 256 351
174 548 249 340
166 549 240 338
169 547 241 342
170 548 241 339
167 549 241 340
170 549 242 340
169 548 241 340
170 548 241 340
169 550 242 340
169 549 242 340
171 551 234 328
164 552 230 328
162 550 233 336
167 550 233 336
168 550 234 336
164 550 234 335
