108 570 190 335
109 569 190 336
109 571 196 341
109 571 197 342
109 570 199 343
109 570 200 343
110 571 199 344
109 570 199 344
109 569 200 345
109 571 200 345
106 571 200 347
107 571 200 347
104 571 199 348
104 570 199 349
103 567 198 348
103 569 198 349
103 569 198 349
103 570 198 349
102 570 198 349
104 571 199 348
105 571 200 348
110 572 201 343
111 572 201 342
112 571 203 343
108 569 201 345
109 569 201 345
108 570 201 346
108 569 201 346
105 571 199 346
104 572 200 347
104 572 198 346
106 571 199 345
107 567 198 344
106 570 198 345
105 571 198 346
104 570 198 346
104 570 198 346
104 569 198 346
102 569 197 347
104 570 197 346
102 572 197 347
103 570 197 347
104 573 189 342
101 574 181 339
101 573 176 337
99 574 171 335
100 575 167 333
98 573 163 331
98 574 162 331
97 575 162 331
97 575 162 331
96 576 162 331
96 575 162 331
96 576 162 331
97 576 162 331
96 576 162 331
96 574 162 331
98 579 157 327
98 579 155 326
98 579 154 326
98 578 154 325
98 577 153 325
98 578 152 325
98 578 151 325
97 578 151 325
96 578 151 326
96 577 151 326
97 578 151 325
96 578 151 326
95 578 151 326
96 577 151 326
97 578 151 325
96 577 154 327
95 577 155 329
94 577 158 332
94 577 160 334
94 576 162 335
94 576 163 336
95 573 162 336
94 576 163 336
94 575 163 336
94 576 163 337
94 576 164 336
94 576 164 337
94 575 164 337
95 574 170 342
96 572 174 343
93 569 180 348
94 564 184 351
94 567 188 353
96 566 191 355
96 565 192 355
96 568 193 355
96 570 194 355
97 568 194 355
96 567 194 355
96 571 195 356
96 570 195 356
95 565 195 356
96 568 196 358
97 568 203 360
98 568 210 364
100 569 217 366
101 569 222 368
104 569 229 370
105 571 230 370
105 569 231 371
106 571 231 369
106 569 232 370
105 570 230 368
106 568 232 370
106 567 233 370
106 566 233 371
107 567 233 370
107 568 234 369
109 566 237 369
114 565 240 367
117 567 243 366
129 569 245 366
141 566 247 366
128 566 249 366
122 567 250 366
124 568 251 366
126 565 251 366
123 566 250 365
124 567 251 366
124 568 251 366
126 567 252 366
125 568 252 366
124 567 249 362
126 567 247 360
121 564 241 360
121 566 240 360
124 569 240 358
123 567 239 357
124 567 238 356
120 567 240 361
123 564 238 356
118 564 237 360
122 564 237 357
122 565 238 357
125 566 238 355
121 566 238 359
