134 580 135 291
134 580 135 289
133 580 133 288
137 581 134 288
134 580 136 291
131 579 137 292
137 580 137 289
138 580 139 289
135 580 136 289
138 580 136 289
136 580 136 290
136 580 135 290
133 580 134 291
134 581 133 289
139 581 135 287
149 575 164 286
142 581 136 286
138 581 135 286
139 581 136 288
138 581 135 288
139 580 135 287
135 580 135 288
138 581 135 287
138 581 136 287
137 581 136 287
140 581 136 289
138 581 136 287
137 581 136 287
136 581 134 286
134 581 134 283
133 582 133 283
135 583 131 282
134 584 129 280
133 584 128 282
133 583 129 281
131 583 129 283
132 584 129 281
133 583 129 281
136 583 129 281
132 583 129 283
131 583 129 282
132 584 128 281
134 583 122 279
133 584 114 278
132 584 108 277
133 584 103 276
131 584 98 277
130 585 95 275
132 583 113 276
147 581 140 275
138 582 118 274
136 583 111 273
130 584 98 273
129 585 94 275
133 584 93 274
133 585 92 272
131 585 92 275
133 585 92 271
132 584 89 276
138 584 87 269
135 584 85 268
138 584 82 267
181 571 169 247
141 583 81 261
141 584 76 258
140 584 76 258
138 584 77 260
136 584 77 260
137 583 76 259
137 584 76 261
137 583 79 263
139 583 85 262
140 582 88 266
138 582 90 270
140 582 92 269
142 581 94 268
143 580 92 266
139 579 92 269
138 580 92 271
140 579 92 269
140 580 92 270
140 579 93 269
140 580 93 269
140 579 94 269
144 581 105 273
142 578 112 276
144 579 115 275
145 580 123 279
146 579 127 280
147 577 130 281
146 576 131 280
148 576 131 279
148 572 132 280
142 575 132 284
145 573 132 281
146 574 134 283
144 577 136 285
146 576 136 284
145 579 141 287
148 577 149 288
150 577 155 290
150 578 163 291
147 577 172 294
145 576 175 291
140 576 176 294
141 576 176 295
137 576 177 295
136 575 178 295
142 576 178 295
134 575 180 294
132 575 182 293
126 575 182 297
128 570 184 296
128 575 184 296
129 572 184 296
122 575 187 299
133 575 191 298
133 574 193 302
135 575 194 300
138 575 195 300
140 575 197 299
151 575 198 298
153 575 199 297
153 574 200 299
154 575 201 298
153 574 201 299
161 575 203 297
152 575 205 303
162 574 204 297
154 576 195 295
144 576 190 293
125 577 182 295
132 578 179 291
126 578 176 291
128 578 176 291
122 578 177 292
125 578 176 292
122 578 176 293
120 578 176 292
130 578 177 291
125 578 176 292
122 578 177 293
127 578 177 292
