71 526 111 253
72 527 112 253
74 529 116 253
74 514 117 254
77 525 117 253
75 519 116 253
72 515 116 253
75 517 116 254
72 517 117 254
76 517 118 255
75 517 120 257
77 517 120 256
77 517 120 254
78 511 120 255
82 509 120 253
82 517 120 253
82 517 120 253
84 518 120 253
82 517 120 253
82 512 120 254
79 505 121 253
82 504 122 254
84 508 122 253
85 508 123 254
79 509 123 258
74 506 123 259
77 510 123 258
84 505 123 256
81 509 123 257
83 503 124 256
86 509 124 253
82 513 125 255
86 512 124 253
35 511 125 260
89 507 126 251
89 508 125 250
89 509 127 251
89 509 128 252
85 510 125 253
104 530 145 257
92 509 133 252
89 515 130 253
87 513 129 254
92 511 121 248
82 505 106 246
75 511 99 245
77 518 90 240
74 506 85 239
75 513 83 236
74 507 85 238
73 505 84 239
74 521 84 238
68 513 84 241
74 515 85 238
74 518 85 239
79 526 97 244
80 509 90 240
73 507 80 238
73 516 77 237
76 522 76 235
65 514 73 235
71 513 72 234
72 501 72 235
62 511 72 235
56 507 72 237
64 512 72 233
58 518 72 235
58 510 72 239
50 512 72 239
72 513 72 236
50 514 72 240
66 511 73 235
71 515 76 237
73 506 84 237
75 505 88 237
73 507 90 239
66 521 92 239
68 504 94 241
56 506 92 238
75 521 91 238
72 511 92 240
67 527 93 239
73 527 92 240
73 524 92 240
73 529 93 241
39 528 98 243
70 528 101 244
71 527 107 249
75 522 115 251
73 521 116 252
75 522 117 252
76 519 117 251
70 521 119 252
73 522 120 253
74 516 120 253
74 517 120 253
76 517 120 252
73 524 121 253
70 520 122 254
74 520 123 253
67 517 128 258
33 516 131 261
76 518 136 262
85 517 146 267
96 517 154 268
97 518 157 267
98 515 157 265
97 513 157 266
99 514 157 264
98 516 157 266
96 512 157 269
96 514 157 267
99 515 157 267
96 513 155 267
96 522 155 267
97 514 156 267
104 514 148 257
92 513 144 261
101 518 165 269
105 517 169 263
108 521 170 263
102 517 172 267
92 521 171 276
98 519 171 272
96 520 171 272
97 517 172 273
91 518 172 275
93 529 175 277
93 520 175 278
97 521 176 276
100 520 175 276
97 521 171 275
88 519 169 275
87 520 167 275
86 527 167 276
86 517 165 274
85 517 164 273
83 523 163 274
83 519 162 274
85 517 162 273
91 520 162 271
83 516 162 274
88 517 162 272
88 517 162 271
