105 544 158 317
107 544 160 318
94 544 167 320
107 543 164 317
112 544 165 317
104 545 165 318
98 545 166 318
102 543 168 319
106 543 168 316
104 544 169 317
103 544 169 319
106 544 169 317
110 541 169 318
110 543 170 319
110 544 171 319
110 544 171 319
110 544 172 320
117 544 172 317
117 544 171 318
107 543 171 318
109 543 172 319
109 544 172 320
107 543 172 321
113 543 172 320
109 542 172 319
106 543 172 320
105 542 172 320
108 541 173 319
114 543 173 318
114 543 172 317
111 541 173 317
107 541 174 319
106 540 174 319
108 541 175 320
108 540 176 320
114 539 175 319
110 540 175 321
108 541 175 322
107 541 175 319
108 541 174 319
104 541 175 321
113 540 175 322
110 544 170 317
106 543 158 316
106 543 155 313
102 541 146 313
101 539 138 313
102 538 134 311
99 539 135 314
100 537 137 312
101 538 137 311
97 538 137 313
106 540 138 308
97 540 138 313
100 540 139 313
100 538 140 315
98 541 140 313
102 540 140 313
100 539 138 314
99 537 134 310
102 537 133 314
101 535 132 314
102 538 130 313
101 535 131 312
100 535 131 314
102 538 132 314
102 538 132 316
99 535 132 313
104 539 132 307
100 537 133 315
104 535 133 308
102 534 133 315
102 535 135 314
107 535 137 311
104 535 139 313
109 539 143 310
116 539 145 308
109 538 145 311
108 538 145 310
109 538 145 311
110 535 145 311
106 539 145 313
107 541 146 313
105 539 146 312
107 539 147 314
108 542 148 313
110 537 148 312
110 541 152 314
108 538 155 318
104 541 160 317
106 541 164 321
106 541 169 326
102 542 170 323
108 543 170 324
107 542 170 325
108 539 172 326
108 542 173 324
108 541 173 328
106 541 174 325
105 540 174 325
109 539 176 326
106 539 182 330
112 540 185 331
119 541 189 331
117 539 194 335
120 541 198 335
118 542 200 334
120 541 199 334
119 541 200 334
113 541 199 332
122 542 201 332
123 541 204 335
118 540 203 331
123 541 204 332
126 542 205 331
133 542 209 331
127 541 212 333
123 541 214 337
128 543 216 335
126 542 217 337
124 542 218 339
136 541 218 336
128 541 219 339
130 543 219 337
129 541 220 338
136 542 220 338
136 543 220 337
132 541 221 337
128 540 217 334
132 541 216 331
137 541 215 329
136 540 214 327
134 541 213 330
134 541 210 328
135 539 211 327
129 539 211 329
131 539 209 327
125 541 208 329
126 540 206 328
127 538 205 326
123 539 203 327
120 540 201 328
122 538 203 328
124 540 203 327
