139 581 94 274
140 580 96 275
140 581 94 273
142 585 91 273
141 583 88 272
142 585 88 269
141 585 87 268
141 584 87 268
140 584 87 270
141 583 87 271
141 584 86 269
141 583 86 269
142 584 86 271
140 583 87 271
139 583 86 271
140 583 86 271
137 583 86 270
140 584 87 271
140 583 87 271
141 583 87 272
140 584 87 272
139 583 87 272
142 584 87 273
141 584 86 271
141 582 86 271
141 583 86 271
141 583 87 273
135 582 86 270
136 584 86 269
133 586 84 268
131 587 84 267
133 587 83 267
123 590 82 266
8 589 82 302
6 589 82 303
7 590 82 301
8 589 82 302
7 590 81 301
7 589 82 303
122 589 82 268
126 588 82 266
126 589 82 267
122 589 76 266
10 589 70 296
133 589 62 259
138 591 57 257
136 590 51 253
141 591 50 251
140 589 48 251
137 589 47 250
137 589 47 251
140 591 47 250
139 589 47 250
138 590 47 250
137 589 47 251
139 588 47 249
139 588 46 251
141 590 45 249
140 588 42 247
138 585 40 247
134 585 37 247
132 583 35 246
136 585 33 242
143 585 51 248
136 584 38 246
137 584 35 245
132 584 35 246
131 584 34 247
129 585 34 247
132 584 33 244
132 583 33 244
135 583 37 247
136 577 40 249
138 578 43 249
137 578 44 249
135 580 46 250
135 582 46 251
133 579 46 251
133 578 46 251
132 580 46 251
133 579 47 251
135 578 47 250
133 577 47 251
132 578 47 251
132 579 47 251
132 580 47 251
132 579 47 252
134 578 60 261
138 575 75 268
141 572 74 267
139 574 79 271
142 575 82 271
143 573 83 271
141 575 83 271
143 574 83 272
141 574 83 271
139 575 82 272
142 576 82 271
139 575 82 273
138 575 82 273
138 575 82 273
140 575 82 273
143 574 86 274
144 575 97 279
143 577 119 289
134 578 127 291
143 577 130 291
134 578 129 288
135 579 128 289
137 579 127 288
145 578 125 288
145 579 125 288
137 578 125 288
146 578 124 289
144 578 124 288
145 578 125 288
140 577 133 291
145 577 150 299
134 577 145 298
149 580 146 298
150 578 147 297
142 577 147 298
141 577 146 298
141 577 146 298
141 577 146 298
145 577 145 299
142 577 145 297
147 578 146 298
142 578 147 297
148 578 146 298
158 578 146 291
169 580 145 291
166 580 142 289
156 580 137 289
153 582 135 287
152 582 134 287
150 583 134 287
152 582 132 287
153 581 133 287
145 584 131 285
149 583 132 289
147 583 131 289
147 582 132 289
