69 554 178 336
67 554 177 335
69 556 178 335
70 556 178 335
65 556 172 335
64 557 172 333
66 556 171 332
63 560 168 332
63 560 167 330
125 502 239 336
65 560 169 332
62 558 162 332
61 560 163 331
63 560 164 328
62 558 165 331
0 640 0 400
65 558 169 332
59 560 161 331
58 558 164 332
59 562 165 332
60 559 164 332
60 560 164 331
60 562 164 330
62 562 164 329
62 562 164 329
60 562 164 331
60 563 166 332
59 561 166 332
62 561 167 331
64 563 167 330
65 559 169 330
64 563 169 331
65 566 168 330
64 565 167 329
62 568 166 329
65 567 166 328
65 567 166 328
64 566 166 328
66 565 171 329
65 563 179 332
70 563 181 332
70 565 178 329
70 565 175 327
66 565 174 331
68 564 166 326
60 567 152 325
54 565 134 319
48 567 126 315
49 566 122 315
47 566 121 315
100 534 188 314
72 560 153 319
50 565 128 319
48 565 125 319
47 566 124 318
49 564 125 319
47 565 123 317
47 565 124 318
48 566 123 318
39 566 120 317
42 565 119 317
42 566 117 316
43 567 116 316
45 568 114 316
40 567 113 315
42 566 113 315
39 570 112 315
40 568 112 315
42 569 113 315
42 566 112 315
40 564 113 315
41 568 112 314
41 568 112 314
41 568 112 314
40 570 115 316
39 570 117 317
45 573 119 317
41 571 124 321
54 564 140 321
49 565 136 324
48 567 134 324
47 567 132 323
46 569 131 323
41 571 131 323
46 572 130 321
42 573 130 323
42 571 130 321
46 572 130 320
47 566 137 325
46 562 142 326
45 565 149 329
48 571 156 331
51 567 164 332
52 568 165 332
51 566 165 333
51 565 164 331
52 569 163 331
52 569 162 332
51 569 161 331
46 571 159 331
51 569 158 331
47 572 153 331
46 572 152 333
40 564 160 335
47 564 164 336
58 570 173 335
65 560 189 338
66 560 196 341
110 479 238 345
74 560 191 342
74 563 194 343
73 562 194 344
70 561 194 344
71 562 196 343
70 563 195 344
69 563 196 342
72 564 196 343
74 562 198 343
77 561 205 344
81 560 211 346
88 557 222 349
91 552 225 351
90 552 225 351
90 554 225 352
90 554 225 350
89 552 225 350
89 552 224 349
90 552 224 350
91 552 224 348
91 553 224 349
90 552 222 349
87 556 217 345
77 554 216 344
84 557 213 343
86 560 210 342
84 560 208 342
81 561 207 342
82 561 208 341
83 561 207 341
80 561 206 341
83 561 205 340
81 561 205 341
79 560 204 341
81 560 203 340
78 561 202 340
77 559 205 343
