112 555 174 309
105 557 174 307
37 555 178 314
125 558 177 309
32 557 178 314
36 555 177 314
103 556 179 312
105 556 181 311
118 554 182 311
114 556 183 312
34 553 184 320
114 554 184 312
122 556 184 311
108 555 184 312
112 553 185 313
118 556 186 311
117 548 200 316
35 541 223 324
39 556 181 316
117 555 182 312
112 553 186 313
58 535 259 336
108 551 196 314
116 555 184 311
114 550 185 312
117 552 187 312
110 550 187 312
111 553 187 312
36 552 198 325
117 549 194 315
111 549 193 316
116 554 190 313
127 553 189 311
106 555 188 313
130 556 187 309
112 558 186 311
36 556 186 318
131 557 187 311
117 558 187 311
133 556 187 310
130 558 187 311
131 557 188 311
96 547 254 329
109 557 190 310
33 559 179 320
107 559 178 308
34 558 179 319
37 559 180 319
131 561 172 305
146 561 163 294
141 560 158 294
148 561 157 288
147 560 153 285
147 561 152 284
171 551 206 290
144 561 154 285
148 559 150 282
148 561 151 281
148 560 150 281
149 560 150 280
147 560 150 280
149 560 151 281
148 559 151 280
148 559 146 278
148 559 141 276
146 558 139 275
148 560 138 275
146 559 137 275
145 557 136 273
146 559 136 273
146 558 136 273
143 560 138 275
145 558 140 275
50 552 185 319
146 559 144 276
156 551 196 287
145 559 142 276
147 556 140 274
146 560 141 275
146 559 141 275
146 553 141 274
146 559 141 275
146 560 140 275
147 559 141 275
147 559 142 276
147 559 143 276
146 556 145 277
37 552 189 318
146 556 154 282
144 553 154 281
144 551 158 285
145 552 159 285
137 552 161 291
142 558 160 287
144 557 160 286
146 556 159 281
144 555 159 285
135 559 160 291
146 553 160 283
146 554 159 283
134 555 159 293
140 554 160 288
135 555 169 300
37 553 179 314
107 552 184 312
109 551 185 311
117 548 189 315
113 553 189 315
115 551 188 314
116 552 189 315
114 551 189 316
120 548 189 315
113 549 190 315
114 551 190 316
106 539 244 327
41 544 212 326
53 542 212 324
43 545 217 327
101 543 223 327
58 548 227 331
56 542 226 329
58 547 228 329
51 547 229 331
55 545 231 332
62 547 230 331
53 547 231 333
59 549 232 333
55 546 231 333
58 546 233 335
64 548 238 333
51 547 238 333
106 546 239 333
102 547 239 331
52 548 237 331
53 548 238 331
58 548 239 331
52 545 239 329
59 549 240 333
101 547 242 333
66 547 241 334
102 548 242 334
96 548 243 336
56 548 245 335
66 551 244 336
59 548 241 333
52 550 237 332
51 551 228 328
62 547 265 331
109 550 238 326
105 550 233 328
43 549 224 328
46 551 216 326
53 552 224 328
120 547 263 327
45 551 220 329
47 553 218 330
45 551 217 329
