149 556 174 298
146 557 165 296
146 558 165 296
146 558 165 296
146 558 166 296
145 557 166 296
146 557 165 296
147 558 165 296
148 557 166 296
146 558 167 297
147 558 167 297
147 557 167 297
148 557 168 297
146 558 168 297
148 558 166 295
150 558 167 296
148 558 167 296
148 558 167 295
150 559 167 295
148 558 168 296
148 558 168 296
147 557 168 296
148 557 167 296
148 558 167 295
147 558 167 297
147 556 168 296
148 557 167 296
146 558 167 296
152 559 167 293
152 559 167 292
150 560 166 292
151 561 166 291
151 561 166 290
149 560 165 291
149 560 166 291
151 561 166 291
152 560 166 291
152 560 166 291
151 561 166 291
150 560 167 292
152 560 166 291
151 560 166 291
150 560 166 292
152 560 167 290
149 561 155 288
146 561 148 287
143 562 142 286
144 563 137 285
144 563 132 283
142 564 131 283
143 564 132 283
143 563 132 283
140 564 132 284
143 563 132 284
142 562 132 284
142 563 133 285
142 563 133 284
142 562 133 285
144 563 133 284
143 563 133 284
140 563 133 285
143 562 133 285
143 564 134 285
141 563 133 285
142 562 129 284
142 562 128 284
141 562 126 284
141 562 125 284
141 562 124 284
142 563 124 284
142 562 123 283
141 562 124 283
142 562 124 283
140 563 123 285
142 562 123 284
139 563 123 285
143 562 124 283
141 563 123 284
138 562 127 287
140 561 128 287
141 559 131 287
141 560 133 288
140 560 138 290
139 559 137 291
140 560 138 291
142 560 137 289
141 560 137 290
140 560 137 290
142 562 133 287
141 561 133 288
138 560 139 291
139 559 138 291
140 560 144 293
142 559 156 297
142 557 158 297
142 556 160 298
142 556 161 299
140 556 165 301
141 557 165 301
142 557 166 300
142 557 168 300
142 558 168 301
140 555 168 301
140 558 168 301
141 556 168 302
143 556 168 300
142 557 170 302
141 556 170 302
140 556 171 302
141 556 172 303
141 557 172 302
148 554 191 309
148 554 190 309
148 555 192 310
150 553 197 313
150 554 197 313
151 553 197 313
150 552 201 315
152 553 199 313
151 552 200 313
153 552 200 313
152 553 200 313
152 552 200 313
155 551 202 315
153 551 204 315
153 550 205 316
154 550 205 316
156 549 207 317
158 550 208 318
158 550 209 317
160 550 209 317
160 550 210 318
162 550 211 317
162 551 211 317
162 550 211 317
162 551 211 315
165 552 211 315
163 551 212 316
164 551 212 316
166 552 211 314
165 552 212 314
166 551 211 314
168 551 211 312
168 552 210 311
166 551 209 310
170 553 207 306
170 553 196 296
166 554 193 297
164 556 186 293
163 557 183 291
162 557 181 291
162 557 181 291
156 558 179 291
156 559 178 290
156 559 177 290
155 558 179 292
