156 572 178 342
159 574 178 340
152 575 179 351
157 574 186 350
156 574 189 355
160 574 192 349
156 573 193 353
158 573 194 354
157 573 193 352
155 573 194 356
158 572 194 351
160 571 194 352
155 571 194 356
160 571 194 348
161 572 195 348
157 573 195 355
158 572 195 353
160 571 195 350
156 571 195 355
160 569 195 351
156 569 195 356
156 572 195 356
158 571 195 353
156 570 196 356
157 570 195 356
156 570 196 357
157 572 196 356
160 572 196 352
154 572 196 357
158 573 196 353
157 573 195 351
153 572 195 348
157 572 192 347
158 565 191 344
149 569 190 348
151 561 191 351
154 573 191 348
153 565 190 348
141 569 190 351
158 569 190 346
150 570 190 346
160 573 190 344
155 568 189 347
146 575 177 355
149 575 169 347
145 572 164 348
147 573 158 344
147 568 154 341
144 575 155 346
148 576 154 340
148 576 154 342
146 571 155 344
147 575 155 343
147 576 155 342
147 571 156 343
148 574 155 341
150 570 156 340
148 569 156 339
149 576 155 340
152 577 153 339
150 577 152 339
149 578 152 339
152 577 149 336
147 578 148 340
151 578 149 337
150 578 148 338
153 577 157 340
152 577 155 338
0 640 0 400
0 640 0 400
150 577 152 339
151 572 147 337
151 576 148 337
150 577 149 337
151 576 152 339
153 574 156 341
153 572 159 342
154 574 163 343
154 570 165 344
154 571 166 345
151 573 167 348
154 568 168 345
154 572 167 346
153 572 167 347
154 570 168 345
151 570 168 348
155 571 169 347
155 574 171 347
157 568 178 348
157 569 189 351
155 566 196 359
156 565 201 361
159 559 206 360
158 560 206 361
161 559 208 357
159 558 207 360
158 552 208 360
160 561 207 358
160 557 207 361
160 557 207 360
160 560 208 360
161 556 206 365
136 553 214 377
136 552 224 377
134 547 233 383
141 550 237 381
142 553 237 381
141 553 240 383
137 552 239 382
134 552 238 385
138 553 240 381
150 551 241 379
141 549 239 381
142 547 240 382
151 551 240 379
149 549 242 382
145 544 245 383
145 546 248 386
151 549 249 384
143 548 249 387
164 545 250 377
149 548 249 383
150 545 249 384
154 547 249 382
143 549 249 388
147 550 250 386
192 512 284 389
206 546 262 366
206 547 264 366
203 543 258 366
180 547 256 374
195 544 254 365
186 550 252 364
184 548 248 363
196 554 245 355
191 555 241 357
178 557 236 356
176 558 237 359
181 556 237 356
175 555 237 361
174 557 237 361
165 555 237 364
180 555 237 359
181 555 237 359
176 555 236 360
