104 580 126 296
103 579 140 299
107 578 120 293
100 585 100 289
93 585 95 288
91 587 93 288
91 585 94 289
93 585 95 289
92 586 94 289
92 585 94 289
91 586 94 289
93 585 97 290
112 580 151 291
98 583 115 292
98 585 108 291
91 586 106 291
99 585 105 291
100 585 102 290
97 585 101 290
97 586 99 289
95 585 98 289
95 585 97 289
93 585 97 289
95 587 98 289
98 585 97 289
90 589 93 287
90 592 91 287
93 593 92 287
89 599 91 286
123 584 145 287
120 586 142 287
97 598 100 287
97 600 95 287
98 598 93 286
98 597 89 285
92 600 87 285
95 598 88 286
93 596 89 286
92 593 81 284
76 593 71 284
79 595 57 277
72 594 46 276
85 591 37 272
100 594 33 271
80 593 46 276
98 589 74 280
74 592 45 275
89 593 36 272
88 593 36 273
91 593 34 273
95 590 34 272
104 589 33 272
102 593 33 272
91 586 35 273
93 586 31 272
64 586 25 270
72 584 24 271
58 585 23 273
63 587 21 269
60 587 21 271
67 587 28 278
67 586 28 277
59 585 26 276
81 588 49 280
90 589 50 281
69 587 36 273
93 587 51 281
66 586 33 277
77 588 42 277
90 585 86 289
89 587 65 283
83 587 59 281
69 584 58 280
68 586 54 279
64 584 51 278
63 585 50 278
66 587 48 277
68 587 48 277
64 586 48 277
64 587 48 277
83 586 48 277
65 585 48 279
91 585 63 283
78 585 63 282
84 582 69 284
83 580 77 286
81 582 84 289
82 583 86 289
82 584 88 289
92 577 104 292
109 577 124 291
112 577 130 290
89 577 105 291
82 581 96 289
81 582 93 289
79 584 93 290
85 581 96 292
96 575 121 297
102 578 129 299
110 576 136 301
118 575 146 303
115 576 150 304
126 577 149 304
126 576 151 304
124 577 149 304
102 575 152 305
131 575 154 305
129 575 154 305
98 574 153 305
107 575 152 303
119 575 152 303
102 577 153 304
100 577 158 305
98 579 157 305
101 578 154 305
102 578 154 305
97 578 161 309
97 579 159 307
95 578 160 307
164 564 202 293
0 640 0 400
0 640 0 400
136 575 177 300
104 578 170 305
104 575 168 307
109 583 165 308
107 584 160 305
109 584 157 303
111 584 156 303
113 584 166 312
111 585 166 313
111 585 169 315
107 585 168 314
107 587 159 309
104 585 156 307
106 584 153 305
106 590 154 306
