134 579 118 285
131 579 117 285
132 579 118 285
133 578 133 292
133 578 134 293
133 578 136 292
131 577 137 295
133 578 137 293
133 578 137 293
133 577 137 294
135 577 137 293
135 578 136 293
133 577 136 292
134 578 136 291
135 578 136 292
134 578 135 292
134 578 136 294
133 578 136 294
134 578 136 292
136 578 136 292
131 578 136 295
137 578 136 292
132 578 135 292
138 578 140 292
134 578 137 292
138 577 138 289
142 576 155 293
138 578 142 293
133 579 139 289
134 580 138 288
132 579 137 287
135 580 134 285
132 580 133 285
133 580 133 287
133 580 132 287
133 580 132 286
134 581 132 287
134 580 132 285
130 581 131 287
132 580 132 285
129 581 131 287
132 580 131 285
132 581 131 285
131 582 125 284
129 582 118 283
127 582 111 281
130 583 103 279
129 584 96 276
128 584 96 277
130 584 96 275
128 583 97 277
131 583 97 277
130 583 98 277
128 583 98 280
126 583 99 281
130 582 100 278
130 582 100 277
130 582 100 277
133 582 99 274
134 581 96 273
148 579 117 271
145 580 92 260
144 580 86 257
144 580 86 258
141 580 86 259
143 581 85 259
174 573 132 250
188 562 178 248
151 578 95 252
149 577 92 253
152 576 88 247
151 572 95 248
144 580 81 251
142 578 85 255
145 575 88 256
143 577 90 259
152 577 94 253
149 575 98 257
148 574 97 261
147 577 96 261
144 578 97 265
145 576 98 265
144 576 99 265
143 576 99 266
146 579 102 265
144 576 102 267
147 576 103 267
146 576 108 271
150 574 116 269
147 572 118 274
146 573 123 279
149 576 131 280
149 576 134 282
147 575 133 284
151 575 133 280
147 575 134 284
146 576 134 284
146 576 134 286
147 576 135 285
145 577 132 284
142 576 131 286
161 558 199 284
152 572 156 291
145 575 158 297
146 575 166 297
148 575 170 300
144 575 180 301
144 575 181 303
146 575 178 303
141 575 179 305
143 575 180 302
143 575 180 301
140 575 181 303
137 575 182 304
133 575 181 303
136 575 182 303
132 575 182 304
127 574 187 302
115 574 191 308
111 573 195 311
126 573 198 308
123 572 202 309
127 573 202 309
126 572 202 310
137 573 202 307
136 573 204 308
137 572 204 307
136 572 206 308
139 572 206 307
127 572 207 312
139 572 207 309
140 572 207 308
143 573 201 303
126 573 197 307
127 574 192 304
113 574 186 303
112 574 184 302
109 575 184 304
111 574 184 304
107 575 184 306
113 574 184 303
113 575 184 303
111 574 185 304
112 574 184 303
110 574 184 304
109 574 184 305
110 575 184 303
