129 555 122 254
127 558 124 254
126 554 145 265
131 554 152 273
132 556 151 273
132 556 153 274
125 555 154 274
132 555 154 274
132 554 155 273
130 554 155 272
130 556 155 271
132 555 155 270
131 555 153 270
133 551 152 270
129 553 152 270
132 553 152 269
132 556 153 271
129 555 154 271
131 554 155 273
128 554 156 274
131 553 157 279
128 553 156 274
128 552 156 274
130 553 156 273
131 553 155 274
130 553 155 273
128 554 153 273
136 550 205 283
134 551 170 279
135 554 156 271
134 553 156 270
135 555 154 271
135 554 155 270
137 554 155 271
137 553 156 272
139 553 157 273
133 555 156 274
139 554 156 270
138 554 156 271
138 554 155 273
137 554 155 272
138 553 156 272
137 555 154 270
135 555 154 271
132 554 156 264
134 554 128 259
134 556 124 254
134 555 121 252
133 554 118 251
133 556 117 250
134 555 119 251
129 553 160 266
126 551 176 263
137 556 119 252
132 557 114 251
133 552 166 266
131 556 137 260
131 557 134 259
134 552 155 260
131 554 114 249
128 552 108 247
13 543 220 313
127 551 115 251
128 551 103 245
126 552 104 245
133 542 188 262
0 640 0 400
124 553 109 249
128 552 105 246
128 554 106 245
147 544 185 261
130 555 120 251
127 555 109 249
126 556 110 249
125 555 119 253
130 557 122 250
127 553 126 251
129 552 128 252
126 554 128 255
124 554 129 254
124 554 129 257
124 555 130 256
126 554 131 256
125 555 131 259
129 555 128 253
127 552 155 262
129 551 152 261
130 552 124 252
127 554 120 252
124 554 135 258
131 555 156 263
134 551 168 268
124 552 169 276
139 551 174 278
127 552 177 287
127 554 173 286
130 551 173 281
128 556 171 283
128 552 169 279
130 553 168 279
125 553 168 279
125 552 168 281
119 554 167 279
134 555 222 290
124 551 169 279
129 550 177 289
124 550 185 290
15 553 205 312
14 553 204 312
20 553 211 315
19 547 214 314
16 553 209 314
19 552 208 314
23 553 196 309
114 553 190 294
17 553 250 316
18 550 214 315
13 552 210 312
14 551 209 314
20 549 208 308
11 552 210 312
14 550 214 313
14 552 214 313
11 553 217 314
12 552 219 312
14 553 218 314
19 551 222 315
18 549 221 313
14 553 221 314
18 548 221 315
23 529 265 323
15 547 224 316
19 551 209 313
19 553 208 314
19 552 208 312
128 552 203 296
121 554 196 294
124 554 195 294
121 555 196 293
121 555 196 292
121 553 197 291
115 553 198 290
11 552 200 312
15 550 202 311
13 550 203 313
19 548 208 311
14 551 213 315
13 550 212 314
