116 543 148 321
115 545 147 323
117 544 147 321
125 543 171 325
124 543 169 325
121 546 169 325
124 539 169 325
125 538 169 326
122 548 170 326
122 537 170 326
123 541 170 327
124 548 170 327
123 549 170 328
123 546 170 328
126 537 171 327
125 546 171 329
124 548 171 329
124 547 171 327
126 536 171 326
124 548 171 328
126 545 171 327
123 548 171 327
125 548 171 326
126 544 171 326
124 549 170 328
125 537 171 326
124 544 171 328
124 531 172 325
124 544 171 326
124 550 170 324
119 548 170 324
122 543 169 323
120 548 169 324
120 548 169 324
119 548 169 324
121 546 169 323
119 548 168 324
122 549 168 324
122 545 168 323
120 549 168 325
122 548 168 324
119 548 164 323
120 546 155 321
119 547 151 319
120 546 148 318
118 544 147 318
119 544 146 317
118 546 145 317
119 545 145 317
119 546 145 318
117 545 144 318
119 544 144 317
116 545 144 318
118 545 144 318
116 546 144 318
119 547 144 318
118 547 144 318
115 543 142 318
115 542 139 318
115 540 136 317
114 538 134 317
114 533 133 316
112 538 132 317
112 536 132 316
114 539 132 316
114 540 132 316
113 538 132 317
112 541 132 316
113 540 132 317
115 536 132 316
112 539 132 317
112 537 133 317
114 533 137 319
115 538 138 319
115 535 141 321
115 535 142 321
117 536 144 321
116 544 144 322
118 536 144 321
116 531 144 321
119 535 145 321
120 537 145 319
119 540 145 321
120 540 145 321
117 537 146 321
120 538 147 320
117 541 147 323
117 539 148 323
120 539 156 323
122 536 161 326
119 535 168 331
121 539 171 330
123 539 176 332
122 538 178 332
122 534 178 333
122 540 178 332
122 539 178 332
126 541 178 331
124 549 178 332
122 540 178 333
125 546 179 331
123 549 180 333
124 546 181 333
129 534 186 334
131 520 201 341
132 523 205 341
134 523 207 341
134 526 209 341
136 521 209 340
134 524 209 341
136 529 209 340
134 520 210 341
134 520 209 341
135 536 210 340
137 519 210 340
136 551 210 340
136 519 210 341
138 523 211 340
140 522 212 339
140 521 214 340
140 527 217 340
142 527 219 340
146 522 220 339
147 520 221 339
146 520 222 339
147 523 222 338
146 524 222 339
146 523 223 339
144 521 221 339
144 522 221 339
145 522 221 338
146 524 221 338
145 525 221 338
147 523 221 338
151 524 217 333
151 529 217 333
146 532 214 333
149 529 213 331
147 530 211 333
149 533 211 332
147 533 212 332
150 533 212 331
148 529 211 332
149 531 211 331
148 532 212 332
145 532 211 333
148 544 210 332
147 539 208 332
