101 541 188 398
100 541 211 398
102 541 194 398
100 542 189 398
99 541 188 398
103 541 188 398
101 544 188 398
99 543 188 398
99 543 188 398
103 541 188 398
103 542 188 398
100 543 187 398
101 543 188 398
103 539 188 398
106 540 187 398
96 540 186 398
101 543 187 398
103 544 186 398
100 543 186 398
100 542 199 398
100 541 193 398
100 539 191 398
101 541 190 398
102 540 190 398
104 542 190 398
100 539 190 398
102 540 191 398
102 541 191 398
103 543 190 398
104 544 189 398
106 545 189 398
103 548 189 398
106 547 189 398
103 548 189 398
104 547 189 398
103 547 189 398
104 548 189 398
103 548 189 398
152 521 290 398
116 537 254 398
104 544 195 398
106 546 194 398
110 545 194 398
114 547 179 398
112 547 170 398
109 547 160 398
114 548 152 394
111 547 142 391
121 549 141 391
117 548 142 391
116 549 144 393
116 550 145 392
112 549 146 392
110 550 146 395
111 550 147 393
112 549 149 394
114 548 150 395
117 550 151 396
114 549 147 392
116 542 147 394
115 546 145 393
112 546 144 393
109 543 142 391
112 546 141 393
115 545 141 391
108 532 210 389
107 543 155 392
109 544 150 392
108 543 144 392
106 539 144 391
107 542 144 392
106 541 145 393
108 537 146 393
108 540 150 394
108 538 153 395
108 532 157 398
107 541 159 398
102 538 162 398
102 542 160 398
114 515 226 390
100 531 169 398
100 536 165 398
100 534 164 398
99 536 164 398
102 530 163 398
99 531 164 398
100 535 168 398
101 535 176 398
101 534 181 398
101 538 186 398
99 539 192 398
100 539 197 398
100 540 194 398
108 507 259 398
117 507 272 398
103 534 208 398
101 535 205 398
101 532 204 398
99 532 203 398
101 536 204 398
101 532 210 398
101 528 215 398
101 527 221 398
101 530 225 398
102 523 232 398
103 526 234 398
99 521 236 398
99 521 236 398
103 527 236 398
99 524 236 398
97 521 236 398
96 530 237 398
100 526 237 398
101 525 237 398
102 526 239 398
94 522 256 398
90 522 251 398
90 522 251 398
94 508 253 398
92 507 253 398
92 508 254 398
94 516 256 398
94 513 257 398
95 515 257 398
95 519 257 398
96 514 258 398
214 345 341 395
143 517 290 398
140 519 288 398
114 519 272 398
113 522 270 398
109 521 269 398
107 519 267 398
107 519 267 398
111 521 264 398
108 523 260 398
108 526 256 398
104 524 252 398
103 529 248 398
99 533 245 398
96 532 245 398
96 530 245 398
95 531 245 398
96 533 245 398
98 531 245 398
96 532 244 398
96 531 244 398
95 531 244 398
