124 581 171 325
124 584 167 323
122 584 166 322
125 586 158 319
124 586 158 317
121 587 157 313
123 588 157 305
124 588 158 303
126 588 158 302
124 588 159 302
124 588 158 302
122 589 157 301
123 589 156 299
122 589 156 299
122 589 157 299
123 589 157 299
122 590 157 299
124 590 157 299
122 590 156 299
119 589 157 299
121 590 157 298
118 590 156 299
120 590 157 299
119 589 157 301
120 590 158 298
115 588 160 300
118 589 160 296
120 589 159 293
118 588 162 298
114 590 157 296
116 590 154 297
116 591 154 291
117 591 154 294
114 592 154 296
119 591 152 295
117 592 149 293
116 591 151 295
115 592 150 295
112 591 150 296
113 592 150 297
115 592 150 295
114 592 150 296
114 592 149 295
115 592 142 294
115 592 134 293
110 592 127 295
108 592 118 293
108 592 118 291
106 592 118 293
108 592 118 292
109 592 119 292
107 592 120 294
109 592 118 292
106 592 118 291
108 593 117 288
108 592 117 288
109 593 117 289
107 592 114 290
108 591 112 290
108 591 112 290
109 590 109 290
108 588 105 289
160 579 181 293
108 588 107 288
105 589 103 286
102 590 102 285
103 590 101 285
106 590 100 285
104 590 100 285
0 640 0 400
107 590 102 283
104 591 100 283
105 591 102 284
107 590 106 284
106 589 108 285
107 589 110 287
108 589 113 290
109 590 112 288
106 587 116 291
110 589 122 293
109 589 121 291
111 589 120 291
108 589 120 292
110 589 120 292
154 582 193 295
113 588 130 298
110 588 121 295
108 586 118 294
106 588 121 297
112 588 127 299
112 587 132 303
111 586 139 305
109 584 144 309
112 584 147 311
109 585 148 312
112 585 149 312
110 585 150 314
112 584 150 313
111 585 149 313
110 585 149 313
113 585 148 313
112 584 148 313
112 585 148 313
111 584 149 315
108 582 154 317
111 582 161 322
112 583 166 326
113 582 171 329
115 582 176 333
116 581 177 333
115 582 178 332
117 580 179 333
116 580 180 333
119 580 181 332
117 581 181 332
111 582 181 332
116 581 182 332
112 582 182 331
0 640 0 400
121 577 193 329
114 579 196 331
110 578 199 333
123 572 201 335
129 576 202 336
129 573 205 338
133 576 207 339
135 576 208 339
134 579 208 339
129 578 208 336
135 576 208 336
132 575 209 336
136 570 210 339
138 573 210 338
135 578 209 337
130 569 207 335
126 573 204 332
127 575 203 330
133 574 200 327
131 577 196 325
131 578 194 324
124 583 194 322
125 582 194 322
131 580 194 322
125 580 195 321
128 582 199 322
127 584 197 315
129 584 195 315
128 586 195 311
130 585 198 316
