119 539 158 324
120 542 158 325
120 537 160 324
126 536 171 327
124 540 171 328
124 541 171 327
124 540 172 328
127 539 172 327
127 541 172 327
128 541 172 327
126 535 170 326
126 539 170 327
124 541 169 327
127 538 173 327
126 534 173 327
130 544 173 326
126 539 174 328
125 534 173 328
127 536 173 327
127 536 173 327
126 539 173 327
126 534 173 327
127 536 173 327
124 540 173 329
126 533 173 328
127 529 173 327
128 532 174 327
127 534 174 327
126 535 174 328
127 540 174 327
128 538 174 327
125 542 174 327
126 538 173 325
128 549 173 325
127 543 173 325
126 547 173 323
125 548 173 323
126 548 173 323
126 547 173 323
126 548 173 323
126 550 172 324
126 552 173 323
126 550 173 323
128 548 173 323
127 543 172 324
128 548 172 323
122 542 166 323
121 544 160 320
121 546 155 319
122 545 152 319
122 545 149 317
120 543 148 317
120 541 147 318
121 539 147 318
120 540 146 317
120 546 146 318
119 542 145 317
121 545 145 317
120 542 145 317
120 543 145 317
119 543 144 317
120 537 143 317
118 538 140 316
117 533 137 316
137 529 177 315
120 534 139 316
119 534 136 315
118 536 136 315
119 536 135 315
119 533 136 315
119 534 136 316
120 533 136 315
118 533 136 316
120 536 136 316
116 534 136 317
117 531 137 317
119 534 141 318
120 531 142 319
121 535 147 319
119 533 149 321
117 536 150 323
120 537 151 321
120 534 150 319
120 536 150 320
121 535 149 318
120 536 149 319
120 536 149 321
122 536 150 320
120 537 152 323
122 534 161 323
124 534 166 324
126 536 172 327
125 541 175 329
124 537 178 331
126 534 179 330
124 542 180 331
126 537 179 330
126 544 180 330
126 537 181 331
128 544 181 330
127 535 182 330
128 542 182 329
129 535 185 330
130 532 191 332
136 520 203 338
135 517 205 338
137 520 206 339
136 524 211 340
136 522 211 340
138 524 213 340
139 519 214 340
140 525 215 339
142 519 216 338
141 520 217 339
142 521 217 339
142 521 217 339
142 522 217 339
145 521 218 338
142 519 217 338
144 519 218 337
143 521 218 338
144 518 218 338
146 519 219 337
148 522 220 336
149 522 221 336
148 522 221 337
147 520 221 337
149 520 221 336
150 521 222 336
147 522 222 337
147 519 222 337
151 521 223 336
148 520 223 338
150 516 223 337
149 521 223 337
154 523 220 333
157 524 218 330
156 524 216 329
149 527 209 329
150 525 206 327
147 530 205 328
146 535 205 328
146 527 206 329
146 527 206 329
144 528 207 330
144 527 207 331
148 524 207 330
146 528 207 330
147 527 206 329
