122 580 125 297
124 583 119 294
121 579 116 292
105 586 98 287
94 587 93 286
96 588 92 287
95 588 90 286
95 588 88 286
93 586 90 288
92 589 88 286
91 587 88 286
91 586 88 287
92 589 87 287
94 589 90 288
94 588 92 288
93 588 90 288
92 587 90 288
93 587 90 288
92 587 89 287
89 589 88 287
142 577 148 287
146 576 150 287
99 582 106 290
97 584 97 288
98 585 97 288
94 585 96 288
94 586 92 287
94 587 91 287
95 589 89 285
96 589 88 285
97 601 88 284
97 601 88 284
94 607 89 285
100 601 89 286
96 601 89 285
94 604 87 285
96 602 86 285
94 602 85 285
96 603 85 285
95 601 85 285
92 603 76 282
87 601 67 279
80 598 54 276
72 593 45 273
101 593 35 270
104 591 33 270
98 598 33 270
105 596 32 269
102 592 32 269
102 601 32 269
101 602 32 270
128 588 105 277
77 591 49 272
78 592 42 272
72 588 36 271
68 586 31 270
65 586 28 269
74 583 24 269
98 582 22 268
105 581 19 267
101 582 19 268
105 581 19 267
104 581 19 267
103 582 18 267
102 584 19 267
100 586 32 271
96 586 67 276
103 586 35 273
67 583 25 271
72 586 30 274
68 584 34 275
70 584 35 273
107 586 42 277
102 587 43 276
103 586 43 276
99 586 42 275
73 585 42 275
106 586 41 275
99 586 40 274
68 585 39 275
66 585 39 275
68 585 38 275
68 585 38 275
87 585 44 277
100 581 92 285
72 579 85 290
82 578 89 287
84 581 93 289
90 582 94 289
83 583 93 289
87 580 91 288
88 583 90 288
83 582 89 287
86 582 90 288
84 582 88 287
84 583 89 288
89 578 102 292
88 571 109 295
86 579 106 295
91 582 111 297
93 577 121 300
114 576 129 301
117 577 131 301
106 577 134 301
112 575 138 303
113 574 138 303
124 568 169 297
0 640 0 400
111 570 176 299
127 573 153 299
129 576 153 303
90 578 168 305
103 577 171 304
100 578 168 303
111 578 171 303
130 571 173 304
125 577 175 303
127 578 174 303
135 577 175 302
131 578 173 303
113 576 171 304
111 578 172 304
126 571 171 303
129 574 170 302
110 573 169 302
121 574 169 303
138 577 170 299
130 580 164 300
116 582 160 299
115 583 154 297
115 584 151 297
112 583 152 297
119 584 152 297
116 583 153 299
116 587 161 305
120 585 164 308
114 585 164 309
116 585 157 305
115 585 157 303
109 584 156 303
