203 572 191 323
192 578 151 309
186 579 137 306
193 576 159 321
191 575 165 324
215 562 229 330
201 570 188 328
200 571 185 327
197 571 182 327
196 572 173 323
196 571 174 325
195 573 174 325
193 574 166 321
193 574 170 323
194 573 170 323
194 573 174 326
193 573 171 324
194 574 173 325
193 574 167 323
267 534 274 338
199 570 183 325
197 571 179 324
198 571 179 324
196 572 178 325
195 572 171 324
194 573 173 326
195 572 174 326
233 545 226 326
204 567 208 329
200 571 188 323
196 574 181 321
197 574 178 320
196 575 175 319
197 576 173 318
196 576 170 317
196 576 168 318
0 640 0 400
251 520 277 341
204 571 199 321
197 575 176 319
195 576 173 319
195 576 172 319
195 576 172 319
195 576 169 319
191 578 153 311
0 640 0 400
203 572 188 316
191 577 145 307
187 579 133 301
185 579 133 301
183 579 133 301
184 580 132 301
185 579 134 303
0 640 0 400
207 570 189 314
192 577 147 306
186 578 139 303
189 578 136 302
244 540 224 313
192 576 146 305
190 578 132 300
185 579 126 299
185 578 126 300
184 579 125 299
195 576 145 303
191 578 130 300
186 578 129 300
185 579 128 300
185 578 128 300
187 579 127 300
186 579 127 300
184 579 126 299
244 534 231 313
188 578 136 302
235 541 217 312
191 573 149 309
190 576 139 308
219 564 228 321
193 570 153 313
190 575 149 314
189 576 147 313
190 577 145 313
188 576 145 313
192 575 145 313
188 574 143 313
188 575 143 313
188 577 142 313
187 576 143 313
198 567 171 317
196 571 170 318
194 566 176 325
194 570 175 324
195 570 178 325
193 569 183 330
195 566 180 329
0 640 0 400
0 640 0 400
200 567 195 334
199 564 192 333
198 563 187 332
197 569 184 329
196 568 185 328
195 568 188 328
197 566 197 331
199 565 207 331
201 565 213 335
202 564 217 339
202 564 222 344
203 560 225 347
203 563 220 345
203 562 220 347
217 557 240 346
261 534 283 348
213 560 250 352
207 565 230 350
204 566 228 347
205 566 229 345
203 564 225 347
202 563 222 349
0 640 0 400
210 563 242 353
205 561 231 354
204 565 232 355
205 565 233 355
0 640 0 400
213 562 250 355
211 564 241 355
210 564 241 355
211 565 241 355
209 565 239 355
206 565 241 355
259 514 294 361
210 563 246 354
211 563 246 355
209 564 243 355
287 519 301 355
214 562 253 354
210 562 241 349
210 564 231 345
211 566 227 343
250 559 268 345
211 566 226 339
209 568 221 340
209 568 221 340
221 564 230 342
0 640 0 400
214 565 231 342
207 568 217 339
0 640 0 400
213 565 230 338
211 566 226 339
