209 587 130 236
201 586 123 231
201 587 119 233
199 588 120 236
0 640 0 400
201 586 129 241
198 585 124 245
198 586 121 245
196 586 122 243
0 640 0 400
200 583 145 245
194 586 117 241
194 587 114 242
193 587 113 241
193 587 112 238
191 587 114 238
194 586 114 235
192 588 112 236
193 588 110 236
0 640 0 400
195 587 119 236
192 588 110 235
192 588 108 235
190 588 101 229
190 589 101 234
191 589 101 233
193 590 101 235
0 640 0 400
196 590 106 237
198 591 96 237
197 590 96 238
198 589 97 238
195 590 97 237
195 591 96 235
195 591 94 234
196 590 95 235
197 589 94 235
196 589 94 235
239 576 190 243
199 589 114 238
197 590 102 237
198 590 87 227
229 585 142 228
197 590 81 228
196 589 62 223
197 591 53 220
197 589 51 219
197 589 53 220
0 640 0 400
209 584 149 227
198 591 80 224
198 589 56 220
197 589 49 219
193 592 58 219
196 590 54 220
225 587 122 221
195 591 79 220
195 591 52 215
196 591 47 214
197 591 46 212
195 590 46 212
195 590 45 211
222 584 151 222
194 591 71 217
194 591 49 213
195 591 45 210
195 591 45 209
193 590 50 212
193 589 51 211
195 590 53 212
191 589 55 212
192 589 58 212
190 590 63 212
192 589 62 213
190 591 63 211
189 590 63 211
191 590 66 212
195 590 69 217
196 590 70 218
189 591 75 213
190 591 73 213
190 591 72 213
190 590 69 213
189 590 71 214
189 591 80 217
187 591 84 219
188 591 90 221
187 590 97 223
185 590 101 229
187 590 103 230
205 584 142 231
194 586 129 229
187 588 114 229
0 640 0 400
0 640 0 400
193 588 126 231
191 588 124 231
186 588 112 232
188 589 111 233
195 587 124 258
194 587 129 263
194 587 131 265
194 585 140 269
195 584 155 276
194 584 157 276
195 584 156 274
201 572 215 277
197 584 153 270
198 584 151 267
196 584 150 266
196 584 152 257
195 584 156 268
188 583 164 272
182 582 167 274
194 582 170 276
184 582 172 278
172 582 176 276
181 581 177 275
172 582 176 274
183 582 176 274
199 583 172 268
195 582 169 268
197 582 168 268
187 582 173 273
179 582 171 274
167 582 176 276
187 582 176 277
182 581 176 277
205 583 169 273
205 583 166 270
210 584 162 268
212 584 162 268
210 584 160 261
204 584 156 266
205 584 157 260
214 579 188 261
197 587 130 247
194 588 119 246
193 589 112 246
194 589 99 234
199 588 111 233
218 584 168 251
