25 494 201 319
11 486 195 316
15 482 192 312
15 483 184 310
12 484 183 311
12 483 184 311
13 480 189 312
18 481 194 312
12 485 183 311
13 483 182 310
11 482 182 310
12 485 183 311
14 481 182 310
14 484 182 311
13 482 182 310
15 483 183 311
13 480 184 311
15 483 184 311
13 479 183 311
23 482 196 313
38 481 202 314
39 481 217 320
97 491 262 323
18 483 183 311
10 481 180 311
21 486 185 311
17 482 188 311
11 485 181 311
11 484 179 309
10 486 179 310
11 490 180 309
11 488 180 309
11 494 181 310
12 489 180 310
10 489 180 309
12 493 181 310
13 492 182 309
14 491 181 309
11 489 182 310
13 490 182 310
14 491 183 310
15 490 184 310
16 492 184 310
8 486 170 309
12 490 165 306
10 484 162 303
8 484 160 306
9 485 158 303
8 484 157 306
10 483 157 305
9 482 157 305
9 486 157 304
11 485 157 305
11 483 157 305
8 483 157 307
12 482 157 305
9 485 157 303
11 485 156 306
13 488 153 304
12 485 152 304
18 488 150 303
12 488 150 303
10 487 149 302
11 485 149 302
14 488 149 302
11 488 149 302
16 489 149 301
12 486 148 303
12 487 148 302
17 488 148 301
12 487 148 301
14 486 148 301
9 488 148 303
18 486 149 302
14 488 149 303
21 486 150 303
18 485 152 304
22 486 154 303
18 487 156 305
20 487 159 303
18 485 158 306
23 482 158 306
21 485 158 306
23 486 158 305
19 485 158 304
18 486 158 305
18 482 158 302
21 484 159 306
20 485 159 306
20 487 160 307
19 485 164 307
19 483 168 308
19 485 172 309
14 482 177 311
21 481 181 315
16 484 184 315
14 485 185 315
15 482 186 315
12 484 185 315
11 487 186 315
13 482 186 315
12 486 186 315
14 481 187 315
13 483 188 316
10 485 189 316
14 485 193 318
15 486 203 324
50 492 222 329
28 492 223 331
27 493 225 332
31 490 226 332
27 495 227 332
28 493 227 331
29 497 228 332
33 495 227 331
32 493 227 331
27 494 227 332
30 497 228 332
37 495 229 332
38 499 229 332
41 500 230 332
42 501 230 333
34 499 228 333
49 500 231 333
48 501 233 333
49 501 233 333
43 501 234 333
43 501 234 333
43 501 236 334
45 500 238 334
44 500 239 334
45 501 240 334
53 501 242 335
53 501 242 332
37 501 234 328
47 500 229 325
42 499 226 323
50 498 225 322
42 499 226 323
37 499 226 324
43 500 225 322
49 498 226 324
37 500 225 324
38 500 225 324
50 501 225 324
42 501 225 325
54 498 225 324
55 498 226 323
48 499 226 323
43 501 225 322
43 501 224 323
41 501 221 321
41 498 222 320
