160 550 160 326
158 547 158 326
155 550 156 324
162 550 179 336
161 550 178 335
162 549 176 334
157 548 173 331
155 547 173 331
158 547 174 332
156 546 175 332
156 546 175 332
156 547 176 333
157 550 176 333
155 550 177 334
157 547 178 335
155 546 179 336
156 544 178 335
158 549 178 336
156 541 178 335
157 547 178 335
158 549 178 335
158 551 177 335
156 549 175 333
156 547 174 333
156 546 173 332
154 544 172 332
153 547 173 332
156 545 172 331
160 550 172 329
161 547 170 327
160 552 168 327
160 544 170 327
164 543 172 326
163 548 172 327
157 547 173 327
159 539 173 328
160 544 173 329
162 537 173 329
159 545 173 330
160 540 173 329
160 534 172 329
157 537 171 328
158 547 171 328
157 549 152 320
145 546 142 314
144 548 137 312
146 556 133 309
150 560 130 307
137 559 128 307
149 560 127 306
150 557 127 306
141 556 127 306
149 554 128 307
148 560 129 307
148 553 130 307
130 553 131 309
146 555 132 309
142 556 132 310
146 558 129 308
151 558 126 306
152 556 124 305
138 553 123 303
152 553 121 302
153 553 121 303
154 556 121 301
154 556 120 301
149 558 120 300
158 558 120 300
149 556 119 300
157 552 118 299
157 553 118 299
179 545 206 307
161 558 157 309
153 547 140 310
149 550 141 313
143 557 142 315
143 547 142 316
135 555 141 315
144 551 140 315
150 554 140 314
146 553 140 315
149 551 140 314
140 544 139 313
140 549 137 313
145 550 137 313
155 554 156 317
160 545 168 327
156 547 169 329
159 546 171 330
160 548 173 332
157 543 172 332
158 545 173 331
157 544 172 331
156 547 172 332
156 547 172 333
156 547 172 333
157 547 172 333
158 547 171 334
159 546 171 334
156 546 172 335
161 539 182 341
163 537 193 345
162 527 199 349
163 541 202 350
163 532 204 351
162 528 201 351
165 540 203 352
164 534 203 352
164 532 203 352
165 529 203 352
162 536 203 352
166 536 204 353
165 532 205 355
162 528 208 357
158 523 219 361
157 529 222 360
164 526 224 361
166 531 225 361
162 526 226 361
160 535 226 361
161 531 225 360
163 535 225 360
161 531 225 360
158 532 226 361
161 527 226 361
164 529 225 359
166 534 223 358
167 531 223 358
165 535 222 357
162 545 214 351
167 529 212 349
169 531 208 347
163 531 206 345
168 542 207 345
168 530 208 346
166 537 209 347
164 535 208 347
164 532 208 348
166 517 208 347
164 538 209 347
166 529 209 347
165 533 207 347
167 531 207 346
166 535 206 345
