108 568 209 353
108 570 205 350
111 568 193 347
109 569 173 339
107 571 169 338
111 573 165 336
110 573 166 338
111 574 164 335
112 573 165 336
112 575 162 333
110 574 163 333
123 571 189 336
117 572 173 335
116 573 170 333
115 573 167 333
113 574 162 330
114 574 165 332
115 574 163 331
113 574 162 329
112 572 164 331
111 572 164 332
112 573 164 332
112 573 163 331
110 574 160 331
110 573 159 329
110 574 159 331
110 573 159 331
110 574 159 331
110 577 157 329
109 577 156 328
110 577 154 325
110 578 154 326
110 578 153 325
110 578 153 325
109 578 153 326
108 578 152 325
109 578 152 325
109 578 152 326
108 578 152 326
108 578 151 325
108 578 150 325
108 579 150 326
107 580 143 323
107 581 138 320
106 582 134 320
106 582 131 319
107 582 127 317
107 582 126 317
105 582 126 318
105 582 125 317
142 565 189 320
114 580 142 317
108 581 129 316
106 582 128 317
106 582 127 317
105 582 126 317
106 582 126 316
105 582 124 317
106 582 121 316
106 581 120 316
106 582 118 316
106 581 117 316
106 581 117 316
105 581 116 316
106 581 116 316
107 581 116 316
106 581 116 316
106 580 116 316
106 581 115 315
106 581 116 316
105 581 116 317
105 580 117 317
107 579 118 317
108 578 122 317
108 577 124 316
108 579 126 319
109 579 128 320
109 577 128 321
109 577 129 320
109 577 129 320
109 577 129 321
110 577 128 320
109 577 127 319
108 577 128 320
109 577 129 321
109 576 130 323
108 575 132 323
109 573 138 324
110 572 142 325
112 571 146 325
110 571 150 329
110 570 155 331
112 570 156 330
111 570 155 330
110 572 155 330
110 572 155 331
110 569 154 330
110 572 156 331
109 571 156 332
109 571 156 332
110 571 158 332
111 571 164 333
112 570 169 333
112 569 174 335
112 572 180 338
113 571 186 338
115 574 188 337
116 573 188 337
114 570 188 339
115 569 189 340
114 569 189 340
115 568 189 340
114 568 189 340
114 570 190 340
114 572 192 340
112 570 193 340
114 569 197 340
113 570 199 341
113 570 201 341
114 569 203 342
113 568 203 342
114 569 203 342
113 569 204 342
113 568 204 343
114 568 205 343
113 566 204 343
114 567 205 343
112 567 205 344
112 566 205 344
113 569 202 342
112 571 197 341
110 572 196 341
113 572 192 336
116 574 190 337
116 574 190 336
115 574 190 337
115 574 190 337
113 573 190 338
113 574 190 337
112 573 189 337
112 574 190 337
112 574 190 335
112 574 190 336
112 573 189 335
