164 567 156 329
162 567 157 330
167 569 157 331
163 566 157 331
168 569 157 331
164 567 157 331
168 567 157 331
167 567 157 331
166 566 157 331
160 567 157 331
167 567 157 331
164 568 157 332
167 568 157 331
164 567 157 332
168 567 157 331
168 567 157 332
164 566 157 332
162 567 156 331
163 567 156 331
191 546 212 333
174 564 175 333
168 565 159 332
166 568 157 331
163 566 157 331
166 567 157 331
161 566 156 331
164 567 156 330
163 567 155 330
164 567 155 331
168 567 154 329
166 566 153 329
165 567 153 328
169 568 152 328
169 566 152 329
168 567 153 328
167 569 153 327
169 569 152 327
185 560 178 326
172 564 175 329
173 566 158 328
173 566 157 329
170 568 154 327
165 568 153 327
157 565 148 324
163 568 144 321
167 569 139 318
169 568 135 315
168 569 132 314
168 570 130 314
167 569 130 313
169 569 131 314
166 568 131 314
166 568 131 315
165 571 131 315
163 569 130 314
167 571 130 314
164 568 130 314
179 564 144 309
165 567 139 314
167 568 127 312
167 569 125 310
167 567 124 309
149 566 123 309
166 564 124 310
162 564 124 310
167 565 124 309
167 567 124 311
163 567 125 310
166 568 125 311
167 565 125 311
167 567 125 311
167 567 125 311
163 567 127 312
168 568 129 314
168 559 132 316
166 555 134 317
167 553 135 318
167 551 136 319
166 545 136 318
165 559 137 319
210 539 221 319
0 640 0 400
167 566 145 319
167 559 138 318
167 552 137 317
167 561 137 319
167 567 144 324
168 566 148 327
170 568 153 330
171 567 155 333
170 569 156 336
172 568 156 336
169 568 156 336
170 568 156 336
170 568 156 336
170 567 155 335
171 567 155 334
171 567 157 335
173 568 157 335
166 567 161 342
173 566 163 347
167 561 165 349
169 565 169 351
165 562 174 356
167 562 176 356
166 560 176 355
166 563 176 355
165 560 176 355
165 561 176 355
165 564 176 355
164 564 177 355
165 565 176 353
166 562 177 354
246 534 265 343
181 540 218 356
174 555 202 357
169 556 201 358
171 554 202 359
171 555 202 360
172 557 202 359
172 557 202 359
172 555 206 358
173 555 204 357
173 555 204 357
172 557 204 358
173 556 205 358
170 555 205 358
174 554 205 359
173 557 204 358
170 560 203 357
172 561 198 352
0 640 0 400
176 555 202 347
171 558 191 345
173 563 187 344
172 560 186 344
169 565 186 345
171 564 186 345
168 559 186 345
166 561 185 345
165 563 185 344
168 563 185 344
164 564 186 344
168 562 187 345
