167 569 154 328
0 640 0 400
46 46 140 140
0 640 0 400
183 559 203 341
168 564 173 335
169 566 169 333
171 566 168 333
171 566 166 333
168 566 165 333
168 565 165 333
168 567 164 333
164 564 165 334
165 565 165 334
168 564 164 333
169 565 163 333
168 564 162 333
165 565 162 333
169 566 162 333
169 566 162 333
168 566 162 333
168 566 162 333
168 565 162 333
168 566 162 334
168 565 162 333
165 566 162 333
169 565 162 333
169 566 162 334
165 567 162 333
170 569 162 333
169 566 161 332
171 566 161 331
169 566 161 331
170 566 160 330
168 568 160 330
170 567 159 330
170 568 160 331
173 565 160 330
174 566 163 330
170 553 185 331
169 566 162 329
171 567 160 329
169 567 156 325
171 566 151 323
169 567 149 320
167 568 144 318
169 568 139 316
169 569 138 316
169 569 137 316
169 569 137 316
167 569 137 316
167 568 137 316
168 569 137 316
166 569 137 316
167 569 137 316
166 568 137 315
167 567 136 315
167 568 135 315
168 568 135 315
169 567 140 314
168 567 136 314
169 566 134 315
168 566 134 313
176 565 152 316
161 566 140 314
163 567 139 314
164 566 139 314
169 566 137 313
169 566 136 313
167 566 138 313
169 567 139 313
168 566 139 314
167 566 147 314
170 567 146 314
170 564 148 316
171 565 149 317
171 566 150 317
171 564 150 317
170 564 149 317
197 544 204 319
229 536 238 318
169 560 182 326
171 564 163 320
168 565 151 319
169 563 148 317
170 564 149 317
170 565 150 318
170 566 155 322
171 566 159 326
172 566 162 328
174 565 166 330
169 566 167 331
172 566 169 331
0 640 0 400
44 54 137 141
174 563 190 335
167 566 169 333
167 565 167 332
164 566 166 333
167 565 168 334
168 566 174 339
166 560 179 343
169 563 185 347
167 557 187 350
169 558 189 353
168 557 191 353
170 561 198 353
170 560 197 353
166 557 197 353
167 561 197 353
168 561 197 353
172 558 197 354
168 557 197 354
168 558 197 354
170 560 198 355
171 558 198 355
168 555 199 357
172 553 199 357
170 557 200 358
168 560 201 360
169 557 202 360
173 556 203 360
169 559 203 359
170 557 204 359
169 556 203 358
169 561 203 358
169 558 203 358
169 558 203 358
171 560 203 358
169 561 201 356
167 561 198 353
170 561 196 350
169 562 196 347
274 532 265 346
169 553 193 342
167 562 188 343
167 560 186 343
166 563 186 345
167 559 186 345
174 563 185 344
173 561 185 345
169 563 184 345
171 563 184 345
169 562 184 345
