132 544 205 366
133 543 208 368
136 543 220 379
144 544 227 374
145 544 230 380
150 544 232 385
149 541 232 384
153 542 229 379
145 544 223 379
134 548 207 375
137 546 206 368
139 548 202 365
141 550 204 368
141 547 209 370
139 545 211 381
143 546 211 374
141 546 213 376
141 547 212 377
142 545 217 380
149 545 216 379
161 543 222 379
172 541 231 383
220 520 297 395
209 539 275 384
177 541 229 381
172 540 228 380
144 543 214 375
146 548 205 368
147 544 204 373
151 547 205 367
140 551 202 363
140 551 209 364
139 553 204 360
139 553 199 359
142 553 197 360
140 553 198 356
140 554 199 358
144 553 198 356
136 553 198 363
140 552 203 361
139 554 199 361
134 554 197 364
136 554 197 357
130 555 194 359
132 556 189 355
133 556 183 355
170 542 241 355
142 556 172 343
130 553 174 351
156 537 220 352
120 549 182 355
128 553 167 344
135 557 166 344
134 558 165 344
135 558 165 344
135 558 162 343
134 559 162 343
136 558 163 343
138 557 160 343
134 559 158 343
138 559 153 341
138 557 153 343
156 527 195 338
138 551 158 341
138 555 154 341
136 556 152 341
138 556 153 340
136 555 152 342
136 556 152 340
137 554 154 343
137 554 154 341
136 555 153 340
139 556 154 341
155 525 192 339
137 551 170 347
133 552 166 348
135 549 168 351
136 548 170 350
138 549 172 351
140 550 172 350
137 549 173 350
138 548 174 351
168 537 241 348
133 539 183 357
141 546 178 353
136 543 180 355
138 550 169 347
136 551 173 349
125 552 178 355
0 640 0 400
138 546 207 359
142 550 201 362
139 550 200 362
134 548 195 360
138 548 195 360
134 548 196 360
136 548 196 360
136 548 196 363
138 551 197 361
137 549 197 359
136 549 197 360
136 549 196 361
130 549 199 363
144 550 206 364
164 538 239 362
143 533 234 368
150 541 225 367
148 544 223 366
145 545 221 366
0 640 0 400
149 532 235 369
142 543 221 364
144 546 213 363
142 547 214 363
145 548 217 365
144 549 216 362
146 546 219 364
150 546 221 364
148 547 221 363
149 547 223 364
154 546 224 364
151 545 225 367
146 547 227 367
147 545 226 367
148 544 224 364
152 546 229 367
146 544 228 367
0 640 0 400
183 541 253 363
156 541 237 365
151 547 228 361
150 551 222 359
152 550 219 358
144 554 214 357
134 556 210 362
146 555 210 359
145 556 210 359
145 556 210 359
145 555 210 360
146 556 210 359
146 556 212 357
144 554 212 360
147 554 211 358
149 556 210 356
