148 558 209 355
149 558 208 354
150 559 206 351
151 560 205 349
149 560 203 351
146 560 198 349
147 560 199 349
148 560 200 349
147 560 200 350
145 560 199 351
146 560 200 351
146 559 202 352
146 559 204 353
146 559 205 353
147 559 204 352
146 559 204 352
146 559 203 352
146 560 202 351
154 556 232 352
147 560 201 349
146 560 201 349
146 560 201 349
147 560 200 349
146 560 200 349
146 560 200 349
146 560 200 349
146 560 201 350
147 559 202 350
147 559 201 349
148 560 200 349
148 560 198 348
148 560 198 349
151 560 200 349
151 561 200 349
152 561 199 349
151 560 201 351
0 640 0 400
167 553 249 353
151 560 200 350
151 560 200 352
148 560 200 351
151 560 203 353
151 560 200 351
148 562 173 343
138 563 157 336
139 564 152 334
140 564 151 333
140 564 151 333
141 564 154 333
142 563 156 335
144 563 158 336
145 562 160 337
145 561 160 337
145 561 160 337
145 561 160 337
144 562 161 337
142 562 159 337
144 563 154 333
141 564 151 332
144 565 147 330
145 566 142 328
147 566 141 328
146 566 142 328
147 566 142 328
148 566 144 329
147 566 144 330
149 565 145 330
165 560 221 333
152 559 196 333
147 563 154 332
145 564 152 331
147 563 152 332
145 563 152 333
143 563 155 335
145 562 157 336
146 562 160 337
145 562 162 338
146 562 161 337
145 562 161 337
149 561 167 337
150 559 185 341
144 562 164 338
146 563 164 339
146 562 163 338
147 562 165 339
140 562 165 339
141 559 174 345
139 558 180 349
138 559 186 351
137 559 191 353
139 559 196 357
139 558 198 357
139 559 199 357
156 556 221 357
177 545 270 358
140 556 215 359
143 559 202 359
140 559 203 359
141 559 204 359
138 558 206 360
138 556 213 366
140 554 219 368
142 551 229 373
146 549 236 377
146 546 242 380
158 538 277 379
148 544 248 379
147 541 247 381
148 541 248 380
147 544 248 380
149 542 249 380
148 541 250 381
150 538 254 383
148 538 254 383
151 539 254 383
151 540 256 383
151 541 257 381
152 540 259 381
173 536 301 381
156 537 295 382
153 539 268 381
152 538 264 381
152 538 261 379
152 539 262 381
152 539 262 380
152 537 263 381
152 539 262 380
152 544 255 374
152 546 252 372
152 547 250 371
154 548 249 369
152 550 246 369
160 548 254 369
170 542 283 370
155 547 252 369
152 548 250 371
153 548 249 371
152 548 249 371
153 548 250 371
152 548 250 371
151 549 250 370
152 548 251 371
186 539 302 369
154 548 255 370
