149 553 179 301
149 554 176 300
150 556 175 299
148 556 174 300
149 555 174 299
150 556 174 299
151 556 174 299
150 556 174 299
152 556 174 298
152 556 175 299
152 556 174 298
151 556 173 299
148 556 172 299
148 556 172 299
148 556 174 300
151 556 174 299
152 556 174 299
151 556 173 298
151 556 173 299
150 556 173 299
152 556 173 298
151 556 173 299
154 556 172 296
150 557 172 298
152 556 172 297
151 556 174 299
150 556 174 299
149 556 174 299
150 556 174 299
153 556 175 298
154 557 175 297
153 557 174 297
153 558 174 294
153 558 173 293
152 559 173 293
152 559 173 294
152 559 173 294
152 559 173 294
152 559 173 294
152 559 173 294
151 558 173 295
151 558 174 295
151 558 174 295
152 559 174 294
153 558 172 294
152 560 160 290
147 560 153 290
146 560 148 289
145 562 143 287
143 562 138 286
145 562 139 286
143 562 138 286
145 562 138 286
144 562 139 287
143 562 138 287
144 562 139 287
143 562 139 287
145 562 138 286
144 562 138 286
143 562 138 287
142 562 137 287
144 562 135 286
143 562 133 286
142 562 130 286
142 561 129 286
143 561 128 286
142 561 128 286
143 562 128 286
143 562 127 285
142 562 127 286
140 562 128 287
140 562 128 287
140 562 128 287
140 561 128 287
142 562 128 287
141 562 127 286
140 562 126 286
141 561 128 287
140 561 130 288
140 560 133 290
142 559 134 289
140 559 139 292
139 558 141 292
141 559 139 291
140 558 139 292
138 559 138 292
138 560 138 292
140 560 138 291
141 560 138 292
140 560 138 291
139 560 138 292
140 560 138 291
140 559 143 294
142 558 148 295
142 558 155 297
142 557 159 298
141 556 166 301
141 557 169 303
141 557 169 302
140 557 169 302
142 557 168 302
142 556 168 302
141 557 168 302
141 557 168 302
141 557 169 303
143 557 169 301
143 557 169 301
143 557 172 303
143 556 172 303
141 556 170 302
142 556 171 302
142 555 177 305
148 550 196 312
150 551 200 315
154 551 205 317
156 549 210 321
155 549 210 319
156 549 210 319
156 549 210 319
156 548 210 317
156 548 210 318
155 548 209 317
155 549 209 317
157 550 209 317
156 549 209 317
156 548 209 317
160 548 212 319
161 549 212 321
162 549 213 321
168 549 216 322
167 549 218 323
168 549 220 324
168 549 221 323
170 550 222 323
170 549 221 322
170 550 222 323
170 549 222 323
169 550 222 322
169 550 222 323
170 550 224 323
171 550 221 318
174 550 220 317
178 551 220 315
175 551 218 313
176 552 216 311
174 551 216 311
175 551 215 311
174 551 215 311
189 545 236 314
203 540 253 309
189 541 250 311
186 548 225 308
183 549 221 309
181 549 219 309
184 549 217 309
