131 589 174 326
130 589 165 321
129 590 164 321
127 592 138 315
128 592 141 316
127 593 142 317
129 592 143 318
128 592 143 317
129 592 143 318
128 592 143 317
127 592 143 317
127 592 142 317
128 592 142 318
127 592 142 317
128 592 142 318
127 592 141 319
125 592 141 319
126 592 141 319
127 592 141 319
122 592 141 319
127 592 141 319
126 592 141 319
126 593 141 319
126 592 141 319
126 592 142 319
127 593 141 319
125 592 142 319
126 592 140 317
126 592 139 316
125 592 138 316
126 593 138 316
126 593 138 315
126 593 138 315
126 593 138 315
125 592 138 316
127 593 138 316
126 593 138 316
124 593 138 316
126 593 137 315
125 592 137 316
125 593 137 315
127 594 130 309
126 594 121 307
126 595 117 304
127 596 111 302
129 596 108 300
130 596 106 298
130 596 106 297
130 596 106 298
128 596 106 298
129 596 106 298
129 596 106 295
129 596 105 293
129 596 105 292
129 596 104 294
128 596 104 293
129 595 101 291
130 595 99 291
129 595 98 291
129 594 96 291
128 595 95 290
128 596 95 289
129 595 95 291
128 595 95 291
129 596 94 290
128 595 95 291
127 595 95 292
128 595 95 292
127 595 96 294
126 594 96 295
126 595 96 295
124 594 100 296
123 594 99 297
125 595 100 296
128 595 101 295
127 594 100 297
126 594 100 296
128 594 101 296
127 594 100 293
127 594 100 296
127 594 100 295
128 594 100 293
138 592 145 307
128 595 113 303
127 595 109 301
128 594 108 300
129 594 108 300
129 594 111 301
128 595 113 302
129 595 116 306
127 595 121 308
125 594 129 310
129 595 130 309
128 594 131 310
128 595 131 310
129 594 130 309
128 595 130 310
128 594 130 309
128 594 130 310
128 595 128 309
128 594 128 309
128 594 128 309
128 595 128 310
124 594 132 312
128 594 139 313
127 594 142 316
129 593 147 318
128 593 154 321
129 593 157 322
127 592 160 323
130 592 161 324
130 593 161 323
129 592 164 323
130 592 164 323
130 592 165 324
130 592 166 324
130 592 168 325
130 592 170 327
128 590 173 330
128 589 178 331
123 587 182 331
126 586 185 333
124 587 188 333
123 586 189 335
125 585 189 335
126 584 191 335
126 585 193 335
125 585 193 335
128 583 193 335
131 585 193 334
130 586 192 333
130 586 189 331
130 587 186 329
128 588 185 328
129 588 182 326
129 588 182 326
129 588 182 325
127 588 180 325
128 588 180 324
128 588 181 325
129 588 181 325
130 588 181 324
125 588 181 325
127 587 180 324
126 588 180 324
