103 542 165 361
104 540 165 361
100 535 168 363
100 534 173 361
104 533 173 360
112 535 189 359
107 533 216 365
102 538 182 363
99 534 180 359
106 534 179 361
102 534 178 357
102 537 179 361
106 537 179 362
101 540 184 366
105 537 181 363
106 535 180 364
101 535 179 363
103 536 179 364
101 533 179 363
100 536 180 364
100 537 179 362
102 534 179 363
107 535 178 361
106 535 179 363
105 532 178 363
106 537 178 362
104 536 178 363
107 540 178 365
106 543 178 368
107 541 178 369
99 543 177 370
104 545 177 370
108 548 175 370
109 546 174 370
108 545 174 369
108 545 174 370
105 546 174 370
106 545 174 369
103 544 176 371
105 545 175 369
110 547 175 371
104 545 175 371
108 545 168 367
104 546 164 365
104 545 158 363
107 548 152 358
102 547 149 357
105 548 148 358
106 546 148 356
106 547 147 357
107 547 147 356
105 547 147 357
106 547 146 359
101 547 146 356
102 541 156 362
104 548 149 356
97 547 145 356
102 547 144 353
96 548 144 352
112 540 163 354
109 545 150 353
95 548 142 353
104 543 142 351
93 549 141 355
99 548 141 352
99 545 141 352
90 548 140 354
85 547 140 352
93 545 141 352
100 546 141 352
89 546 142 352
100 543 144 350
101 545 146 354
96 543 149 354
101 543 151 352
100 540 152 351
100 538 151 353
101 537 150 349
104 538 150 348
103 541 152 351
104 539 154 351
0 640 0 400
109 533 179 357
105 534 156 355
106 537 157 357
104 540 157 357
101 541 156 356
105 545 155 356
103 537 155 356
106 537 161 360
106 536 165 361
102 535 169 360
107 533 178 364
106 532 180 364
105 537 182 363
105 537 182 366
106 533 184 366
104 530 188 367
104 533 186 366
113 430 326 398
217 392 343 398
287 469 355 396
108 530 192 367
106 527 185 367
102 527 191 369
105 527 198 371
106 528 210 373
108 520 217 373
105 524 224 375
105 525 223 373
106 520 222 373
105 521 222 373
106 523 222 374
105 521 222 375
105 516 222 373
102 521 221 373
104 521 221 373
105 523 221 376
105 523 222 375
101 526 224 381
103 528 229 383
108 522 236 383
109 524 236 388
111 527 236 387
111 528 237 387
111 527 238 389
111 526 238 387
113 527 242 387
110 527 240 387
114 526 241 384
115 526 241 384
113 526 241 384
112 526 239 385
114 527 241 386
112 527 238 384
111 528 236 384
110 530 232 388
109 533 225 387
108 532 222 387
109 538 218 386
136 521 259 379
137 491 348 393
121 530 249 391
110 532 228 388
104 532 224 389
108 533 225 389
106 534 224 390
103 534 224 390
104 532 223 389
102 533 223 391
