186 569 192 291
203 566 203 291
178 570 168 283
168 569 181 296
173 568 183 294
170 568 184 295
174 568 185 293
169 569 185 295
173 568 185 295
228 537 237 294
184 564 196 295
177 567 190 294
173 568 189 295
173 566 191 297
177 568 191 294
175 567 189 295
0 640 0 400
187 567 197 293
176 565 190 293
171 568 189 298
175 567 190 296
166 567 188 302
170 568 187 296
170 567 187 296
166 564 186 301
168 568 184 300
172 567 185 295
205 559 220 295
179 566 190 294
183 568 188 293
188 569 186 289
184 569 184 288
188 568 184 288
187 568 183 287
181 569 189 294
178 570 187 294
191 568 186 288
191 568 185 287
188 568 183 288
189 569 184 288
185 569 189 293
185 565 196 297
208 566 198 291
190 568 187 289
179 571 170 281
177 571 167 283
183 557 176 287
181 571 163 283
170 573 153 283
165 572 150 283
169 572 149 281
166 572 148 281
165 573 146 281
164 572 147 281
165 572 146 280
164 572 146 280
168 573 142 276
168 572 141 278
173 573 149 276
171 573 139 272
169 574 135 271
181 568 166 279
161 573 129 274
161 576 126 271
160 576 121 270
161 576 121 268
157 576 120 271
178 569 166 279
166 574 136 273
189 565 184 280
165 571 150 283
165 572 149 281
162 573 150 281
161 571 151 283
159 573 151 282
162 572 151 283
161 571 151 283
162 573 151 282
161 570 152 285
163 571 153 284
192 562 209 287
185 560 199 292
163 572 161 287
162 569 163 288
162 571 163 289
160 570 165 292
160 572 169 296
156 570 179 305
156 569 175 302
156 564 182 308
173 554 213 313
179 559 222 306
171 562 214 307
160 563 201 311
160 565 195 308
159 565 195 311
156 565 192 309
157 565 194 312
156 566 193 311
154 565 197 318
157 563 200 319
159 564 210 320
163 564 221 324
168 559 225 325
168 561 229 327
184 558 243 327
180 559 240 327
179 560 241 328
179 557 240 327
179 559 240 327
180 559 241 327
192 560 234 319
193 559 234 319
187 560 229 320
180 554 238 327
180 557 239 326
195 558 240 326
202 556 241 326
207 555 243 327
219 550 245 327
217 553 247 328
225 550 247 328
225 550 247 328
216 553 247 329
209 548 247 328
224 539 263 323
207 548 256 325
210 547 252 327
212 549 254 329
205 545 255 331
208 549 254 330
213 549 254 330
216 546 250 325
220 531 246 310
193 561 216 311
190 561 212 310
192 563 209 309
192 563 209 309
190 563 210 310
203 559 230 316
205 557 234 318
206 558 232 317
184 514 264 356
226 554 240 312
216 552 236 315
