126 533 235 362
123 533 235 363
126 529 236 362
124 534 236 363
128 523 240 361
129 534 239 362
130 529 239 360
128 532 239 360
130 531 239 361
129 534 239 361
128 524 239 362
127 521 239 363
126 526 239 362
126 533 238 364
130 536 237 360
127 531 236 362
128 531 240 361
122 481 273 381
124 541 261 368
128 532 250 364
127 534 245 363
126 537 240 364
125 537 238 364
122 538 236 363
123 535 235 364
123 533 236 364
126 534 236 363
123 538 236 365
126 536 236 363
127 531 235 362
126 533 235 362
127 533 235 361
125 535 233 361
129 532 234 359
126 538 233 360
126 535 233 361
127 537 232 360
128 536 232 359
183 534 291 360
135 497 259 363
112 500 253 371
133 533 239 359
128 533 236 360
131 537 227 352
130 533 221 350
137 541 213 340
134 542 209 340
135 535 204 338
132 539 205 339
132 535 205 338
131 537 204 340
130 537 204 340
132 536 204 338
132 536 204 338
135 534 204 335
135 534 203 335
135 535 204 337
134 540 202 334
131 542 200 334
136 533 199 331
128 518 198 335
132 542 197 331
134 536 197 330
135 521 197 327
130 541 196 334
130 522 196 332
132 527 196 331
146 534 238 345
148 529 240 342
128 525 200 336
128 518 195 333
129 523 194 331
129 541 195 332
125 520 198 338
128 516 201 335
129 521 203 334
125 533 206 340
125 526 208 342
126 533 207 339
128 509 208 339
126 534 207 340
126 536 207 340
126 518 209 343
123 521 209 341
132 503 243 357
145 512 261 354
128 532 227 350
123 500 226 355
121 502 229 359
121 499 232 363
111 500 236 372
113 517 237 372
112 535 237 372
111 501 237 372
111 509 238 374
112 517 240 374
112 523 240 373
112 514 240 374
113 519 241 373
110 517 240 375
115 531 244 377
113 535 251 383
106 526 256 390
112 501 262 389
113 503 268 386
96 509 272 389
104 508 273 391
106 508 274 389
107 507 273 389
109 505 274 388
102 505 274 392
104 503 274 390
109 506 274 389
110 505 273 388
110 505 275 386
110 509 275 387
110 505 275 389
111 510 279 391
115 511 281 388
112 507 283 390
115 506 284 390
179 511 323 394
176 498 302 383
155 497 288 381
152 506 290 381
129 504 285 385
0 640 0 400
0 640 0 400
155 501 296 386
137 503 288 386
116 508 283 391
119 511 278 388
110 512 275 391
114 512 273 390
113 515 269 390
108 519 269 391
109 517 269 392
112 517 270 391
116 517 271 387
113 517 273 391
116 516 273 389
117 515 273 389
112 517 272 391
113 513 272 389
119 515 272 385
