135 589 177 322
132 589 176 323
133 590 176 320
134 592 154 316
134 592 153 314
134 592 153 315
133 592 152 315
132 592 152 316
133 592 152 315
131 592 151 317
131 592 150 315
132 592 150 315
130 592 149 316
131 592 149 316
131 592 149 316
131 592 149 315
130 592 149 316
130 592 149 316
131 592 148 315
129 592 149 317
130 592 149 316
129 592 148 317
130 592 149 316
130 592 149 316
130 592 148 316
130 592 148 316
130 592 148 316
130 592 149 316
146 590 181 317
134 592 156 317
132 592 151 315
131 592 149 315
130 592 148 314
130 592 147 314
129 592 146 313
130 593 146 313
130 592 146 313
130 593 146 312
130 592 146 313
130 593 146 314
130 592 146 313
130 592 146 313
129 592 146 314
129 593 145 314
129 593 131 312
129 594 126 310
128 593 122 311
125 594 117 311
125 594 114 308
125 594 113 307
123 594 113 310
126 594 113 306
127 594 113 303
125 594 113 303
126 594 112 301
130 594 115 298
134 594 126 297
131 594 118 297
130 594 115 297
129 594 113 297
129 593 110 295
131 593 109 293
135 594 108 291
132 594 107 293
188 586 215 298
164 591 171 294
130 594 113 300
133 594 111 297
131 594 109 298
131 595 108 298
132 594 107 296
130 594 107 298
130 595 106 297
129 594 106 299
128 595 110 301
128 594 110 303
128 594 113 306
126 594 115 309
126 594 116 309
127 595 115 308
127 595 115 307
127 595 115 307
126 594 116 308
125 595 116 309
125 594 116 309
126 594 116 309
125 594 117 310
127 594 121 307
129 594 129 311
129 593 148 316
128 593 147 318
129 593 149 318
128 593 148 317
129 593 146 317
127 593 145 318
128 593 145 316
128 593 146 318
130 593 146 316
129 593 151 316
196 586 239 317
140 590 175 321
132 592 159 321
132 592 158 320
132 592 162 321
131 591 169 324
133 589 180 330
133 589 181 328
135 587 188 330
136 588 187 329
135 589 190 330
135 589 189 330
136 588 189 330
132 588 189 331
132 588 189 331
132 587 189 331
132 587 188 332
129 588 188 332
131 589 191 333
130 587 193 332
129 586 196 333
130 586 198 335
134 587 201 334
134 586 201 334
0 640 0 400
157 584 225 337
149 585 217 335
147 585 217 335
143 584 213 335
146 585 213 334
140 586 212 336
144 585 213 336
151 585 206 329
145 587 203 329
144 587 199 327
138 588 196 327
141 588 192 325
140 588 191 326
139 587 192 329
196 551 247 339
161 587 216 332
140 588 193 329
137 587 190 329
136 587 189 328
134 588 188 329
135 587 188 328
