109 578 141 287
107 580 139 287
110 579 140 287
107 579 136 285
105 579 136 285
106 579 136 285
107 579 136 287
105 578 140 290
106 578 136 288
136 576 184 288
107 580 135 281
104 580 129 280
104 581 128 279
104 581 130 279
104 581 129 280
104 580 129 280
104 581 130 281
105 581 132 281
107 581 133 280
107 581 134 281
105 581 134 281
106 581 134 282
107 581 134 282
106 581 132 280
105 581 132 281
105 581 132 281
105 580 131 281
108 580 133 283
107 579 138 286
110 579 142 288
114 578 145 287
116 578 143 285
115 578 144 287
112 578 144 288
112 578 143 287
114 578 144 287
115 578 143 285
114 579 141 285
111 580 138 284
111 580 138 284
110 580 137 284
110 580 137 284
112 580 138 283
110 579 129 277
104 581 110 271
101 582 98 267
103 582 87 262
105 583 82 259
108 583 83 259
106 583 83 260
105 582 84 262
102 582 85 263
101 583 83 261
104 583 81 260
105 582 83 260
105 583 81 259
105 583 81 260
108 583 76 258
111 584 75 257
109 583 73 257
105 581 75 260
111 583 74 261
109 583 73 259
109 583 72 259
108 583 72 259
108 583 72 259
108 583 72 258
111 583 71 257
111 583 71 257
112 584 70 257
111 584 71 257
112 583 71 256
106 584 75 257
104 584 76 259
104 584 78 260
103 583 84 263
104 582 86 264
103 583 85 264
99 583 84 264
99 583 85 264
99 582 84 263
100 581 86 264
99 580 88 266
100 580 88 265
101 581 89 266
113 580 125 271
104 580 125 276
99 580 116 277
96 581 121 279
98 580 128 283
99 580 134 287
100 579 134 289
101 579 133 287
102 580 132 287
102 579 133 287
100 580 133 287
101 579 133 288
100 579 135 289
99 579 134 289
100 579 134 288
104 580 136 288
105 579 144 291
103 578 153 300
105 577 163 304
105 577 168 307
109 577 176 313
108 577 173 311
111 575 182 317
116 576 185 314
114 576 184 313
112 574 183 315
108 575 180 313
113 576 181 314
110 576 181 314
115 575 183 314
116 576 186 312
118 575 190 314
119 574 193 317
122 574 192 315
121 574 194 317
122 574 194 317
122 574 194 318
122 574 193 317
122 574 193 318
164 569 220 317
152 567 234 317
148 568 229 317
128 574 198 317
126 574 196 317
123 574 195 316
123 575 193 315
125 576 184 308
123 576 177 304
116 578 169 302
115 578 161 298
0 640 0 400
161 568 231 295
120 578 165 295
117 579 161 294
117 580 158 292
117 580 158 292
117 580 159 291
117 580 159 291
117 580 159 291
116 579 162 294
