175 586 219 321
130 590 178 322
151 589 189 317
135 594 150 313
132 594 148 313
131 594 147 313
131 593 146 312
131 594 145 311
130 594 143 311
130 594 142 311
131 594 142 310
131 594 142 310
212 586 238 313
134 593 157 317
131 593 149 316
130 594 148 312
132 594 146 311
190 585 224 312
134 592 156 319
131 593 149 317
130 593 148 317
129 594 146 318
128 594 147 319
128 594 146 319
130 593 146 318
128 594 146 318
126 593 144 319
130 594 140 315
130 595 138 313
129 594 137 313
129 594 137 314
129 594 137 312
128 594 136 313
128 594 137 311
130 594 136 309
129 594 136 310
129 594 137 310
129 594 137 311
129 594 137 311
129 594 136 310
128 594 137 311
129 594 137 311
0 640 0 400
130 593 141 316
128 594 128 312
128 595 120 307
130 595 114 303
129 596 110 302
128 595 109 301
128 596 109 302
125 596 109 304
126 596 108 303
127 596 108 301
128 596 108 299
126 596 108 303
124 596 108 304
130 596 108 299
127 595 108 303
128 595 105 303
128 595 104 301
129 595 102 299
130 594 101 301
128 594 100 300
130 594 100 297
129 594 100 300
129 595 99 299
166 592 188 304
157 592 174 304
130 595 109 302
130 595 105 301
128 595 104 302
130 594 102 300
128 594 102 300
128 594 102 301
129 594 105 302
128 594 106 302
130 594 108 299
129 594 109 301
129 595 110 302
130 594 110 300
128 595 110 302
127 595 110 303
128 595 110 302
127 595 110 303
127 595 110 304
125 595 110 306
126 594 111 305
127 595 113 307
140 594 152 311
129 594 133 313
129 594 133 313
128 594 137 315
128 594 140 315
128 594 140 315
135 593 152 314
152 592 184 313
139 592 170 319
136 593 161 319
132 593 152 318
131 594 149 317
130 594 147 318
128 594 146 318
131 594 148 317
132 594 152 318
130 593 156 321
132 593 161 322
132 592 169 324
134 592 175 326
133 593 176 326
135 591 177 326
134 592 177 325
133 591 178 326
133 591 181 326
132 591 183 325
134 589 184 324
135 591 184 321
132 588 188 321
131 589 190 321
138 587 193 320
143 586 196 321
138 588 197 321
141 587 198 322
141 588 199 322
144 587 200 323
246 574 261 326
206 574 245 329
179 571 237 332
162 582 221 327
156 584 217 327
156 585 215 327
153 584 211 325
148 587 203 323
145 587 196 319
142 588 192 317
143 588 190 318
138 588 189 318
141 589 189 318
141 589 188 318
140 589 188 318
142 589 189 319
142 588 189 318
140 588 190 320
138 588 189 320
139 589 189 321
136 589 188 319
143 589 188 319
