160 547 161 333
158 547 161 333
154 547 161 332
157 551 163 331
153 550 164 332
158 547 164 333
157 550 161 331
152 551 160 330
160 551 160 329
158 553 160 329
165 553 157 326
153 551 159 327
156 551 160 329
154 551 161 331
156 550 162 332
154 550 163 332
154 551 161 332
162 551 157 329
159 552 156 328
157 554 156 328
160 549 157 328
158 553 158 328
154 553 159 329
158 550 159 328
156 552 160 323
154 550 161 324
159 549 160 324
160 558 159 323
165 557 158 323
170 560 156 322
171 561 156 322
170 559 155 321
170 559 156 321
170 560 156 322
171 558 155 321
170 561 154 321
168 560 152 321
167 561 153 320
166 559 153 320
166 559 151 319
164 561 140 315
164 562 136 316
163 563 132 312
163 562 127 304
162 561 124 302
161 564 123 302
161 564 124 303
163 562 126 300
160 561 126 298
162 561 126 299
160 560 127 297
160 560 127 303
162 562 127 302
163 561 127 304
161 560 129 304
160 563 125 300
159 563 125 300
159 562 119 292
161 560 124 295
158 556 129 301
159 558 131 303
161 559 132 305
161 559 131 304
160 560 129 302
156 559 128 301
155 560 126 300
155 562 126 300
156 560 126 300
154 561 125 301
154 559 124 299
153 558 125 299
151 559 126 299
150 555 127 298
179 534 206 294
151 550 134 293
151 551 133 297
150 551 134 299
149 551 134 296
149 551 134 299
150 551 134 299
149 549 134 297
149 550 134 296
148 546 135 297
147 550 137 299
149 551 138 301
153 548 148 308
150 551 152 312
147 545 157 313
152 544 162 316
152 545 167 316
149 542 164 315
152 540 166 315
152 539 167 317
154 543 167 317
154 542 167 317
150 545 169 323
151 544 169 323
151 545 169 324
154 542 169 325
154 540 167 325
142 546 172 331
150 544 176 335
141 541 182 338
143 544 185 342
146 546 188 349
145 542 189 347
154 540 194 347
151 541 191 347
150 543 194 348
154 542 191 347
150 540 194 347
149 540 194 346
150 542 191 346
150 543 190 347
150 539 195 348
154 533 195 351
160 529 196 354
158 529 199 357
165 531 205 360
166 529 210 361
167 534 210 361
168 534 213 359
166 535 214 359
167 533 213 359
169 535 208 359
165 536 214 359
168 535 214 359
0 640 0 400
169 536 207 358
167 540 205 355
170 541 203 354
169 549 202 354
171 550 195 351
173 551 197 351
169 550 194 351
172 553 195 350
171 550 194 350
172 549 195 349
173 551 195 349
170 551 194 349
170 549 196 351
170 552 194 350
168 552 194 349
170 551 194 349
169 550 194 350
171 552 194 349
