130 538 176 292
125 542 174 289
128 542 173 292
130 539 173 292
129 535 174 294
127 538 176 296
128 538 176 296
127 536 176 297
128 537 175 297
126 538 174 297
126 540 174 296
126 534 174 296
124 534 173 297
128 540 173 297
124 540 173 296
126 538 173 295
127 537 172 295
127 538 172 295
127 540 172 295
129 538 171 295
126 537 173 298
0 640 0 400
128 534 182 299
0 640 0 400
128 535 183 299
128 532 179 298
125 535 177 297
130 540 176 296
126 546 176 298
130 541 177 299
128 544 176 299
127 544 176 299
129 548 176 301
126 542 174 298
125 540 174 297
129 548 173 299
125 547 172 299
128 547 169 299
128 550 173 299
130 546 178 300
126 550 163 294
123 548 148 288
124 545 138 285
123 547 132 284
121 549 128 283
121 548 127 281
121 547 127 282
121 547 129 284
121 550 129 286
122 543 130 285
121 545 132 286
124 542 134 287
123 542 137 285
124 548 136 285
122 547 129 284
121 546 124 280
121 535 123 279
122 542 123 279
122 544 122 279
123 543 122 279
121 541 121 279
147 543 176 287
124 538 126 279
123 535 124 279
122 538 124 279
123 542 124 279
121 543 123 279
121 543 124 279
124 532 126 279
123 537 126 280
124 533 129 281
124 537 131 283
123 540 133 284
124 540 134 284
125 536 134 284
125 535 134 284
126 538 148 287
165 515 231 295
130 530 165 288
126 532 141 285
123 537 140 284
123 535 140 285
124 543 141 285
125 539 153 291
127 544 154 290
127 546 158 292
127 540 163 295
126 539 166 299
128 538 167 298
129 540 166 297
128 540 168 297
144 537 204 301
166 508 238 305
131 545 187 298
129 541 178 298
129 537 175 297
129 535 174 298
128 546 175 298
129 538 174 299
130 541 176 299
132 533 181 306
130 539 188 309
126 538 196 310
125 532 204 315
127 525 211 318
124 534 210 317
126 532 212 316
126 532 213 317
128 524 214 316
132 530 218 316
147 523 244 317
142 523 225 316
131 519 222 316
130 523 221 317
135 525 222 316
136 530 220 317
133 529 222 318
226 503 279 323
132 526 225 319
130 524 224 320
140 526 226 321
139 523 229 321
142 525 228 321
142 526 228 321
141 525 225 320
134 530 224 319
135 530 222 319
136 529 222 319
131 529 224 319
136 536 225 316
136 538 224 310
138 544 217 302
135 540 213 307
131 540 209 307
133 536 208 307
128 548 205 307
129 540 203 306
130 544 205 308
130 542 205 308
131 538 206 308
129 539 206 308
130 540 205 308
130 545 205 307
132 545 204 307
130 548 204 307
130 542 204 307
