106 567 160 312
104 568 167 316
105 571 166 315
102 567 166 316
106 568 166 315
107 566 166 315
106 565 167 317
105 565 168 316
104 564 166 316
104 565 167 317
105 562 167 316
105 562 168 317
105 562 166 316
106 564 165 314
106 570 164 315
106 564 165 314
105 567 165 315
106 568 165 316
105 561 165 316
106 562 165 316
107 561 165 315
105 565 164 315
104 565 164 315
104 563 164 315
106 560 164 315
105 566 164 315
105 561 163 315
106 565 164 315
106 565 163 315
106 561 163 315
106 562 163 315
105 561 163 315
105 571 161 313
105 571 160 313
105 567 160 313
105 567 160 313
104 567 161 313
106 565 160 312
105 564 160 312
104 565 160 313
104 566 160 313
105 566 160 311
104 567 160 313
104 569 160 313
105 566 160 312
106 567 160 312
104 569 160 313
104 568 153 310
105 567 148 308
104 566 144 305
104 568 141 305
102 569 137 306
103 574 134 304
102 575 133 303
102 572 133 303
103 573 133 302
102 573 133 302
103 573 132 301
102 573 132 301
102 571 132 301
103 574 132 301
102 575 131 302
104 569 129 303
103 574 128 301
103 575 126 301
102 576 125 301
104 576 124 299
103 568 124 300
104 571 125 300
102 573 125 301
104 573 124 300
102 575 124 300
103 576 124 300
103 574 124 299
102 574 124 299
103 576 124 300
102 573 125 300
105 576 128 300
103 577 128 302
102 575 129 304
104 568 130 303
102 569 133 307
104 569 133 306
104 569 132 307
102 567 132 305
103 574 132 305
104 571 131 303
102 573 131 305
103 574 131 305
100 574 135 309
102 564 134 308
103 563 134 308
108 566 148 313
106 568 149 312
105 567 153 315
105 567 156 316
106 569 157 316
106 569 157 315
107 566 157 315
106 565 157 315
106 567 157 315
107 568 157 316
108 566 157 315
106 570 157 315
109 568 157 314
108 568 157 314
107 565 157 314
105 572 158 315
106 565 162 316
106 564 167 317
107 568 173 318
108 566 179 321
108 566 184 324
110 566 186 324
108 566 186 324
108 565 187 324
111 566 187 324
109 566 187 324
108 569 188 326
109 568 190 325
110 561 190 324
112 562 188 322
113 568 189 323
112 564 188 323
110 566 192 325
106 559 198 327
111 560 198 328
104 566 202 329
102 561 204 330
108 564 207 330
105 565 208 328
104 564 208 329
108 565 207 327
105 567 207 327
108 560 208 328
105 559 209 327
109 562 210 328
108 567 210 328
105 565 210 329
106 560 209 328
104 559 207 328
104 567 201 324
105 567 200 323
102 567 199 323
102 570 196 322
106 572 194 320
98 572 194 321
100 573 193 320
100 571 193 321
101 571 193 322
100 570 193 320
102 572 193 321
100 572 193 322
102 572 193 321
100 569 193 320
102 571 191 318
102 572 192 318
