138 556 234 352
0 640 0 400
0 640 0 400
164 553 269 353
144 553 255 353
138 556 234 351
123 556 221 352
121 558 216 352
120 557 217 354
120 558 217 354
118 557 216 355
121 557 216 353
118 558 216 355
120 559 215 353
123 557 218 352
152 554 248 351
134 557 226 348
127 558 221 350
124 558 219 351
124 557 219 351
124 558 218 351
123 558 217 351
122 558 216 352
120 557 216 351
122 557 216 351
122 558 218 351
120 558 217 351
122 556 217 349
120 556 216 348
122 556 215 345
124 555 214 342
126 553 214 340
124 555 214 341
124 553 214 341
124 556 213 340
123 556 213 340
123 556 213 339
123 556 212 339
123 557 212 338
122 558 210 337
152 550 230 334
178 550 257 335
144 554 219 332
129 558 201 328
125 559 193 326
121 560 186 326
115 561 178 324
118 560 181 323
117 560 182 326
116 561 181 325
118 561 179 321
114 560 179 323
115 561 177 321
116 561 177 320
119 561 178 318
121 561 180 316
120 561 181 318
121 561 180 316
125 562 178 312
123 563 173 310
125 564 170 306
134 564 183 307
149 559 205 311
136 561 185 310
130 562 175 309
128 563 173 309
129 563 173 307
132 563 174 306
131 563 174 305
131 563 174 305
177 554 209 306
138 562 185 307
136 562 182 307
173 557 235 311
135 562 188 310
132 563 186 311
131 564 186 311
130 563 187 313
132 563 187 311
133 563 187 309
133 562 189 309
133 563 190 310
132 562 188 310
132 563 186 309
130 563 186 310
131 562 185 309
130 562 189 313
125 562 194 319
124 562 199 324
123 561 204 328
125 561 208 329
124 561 207 330
123 560 207 332
122 560 208 333
122 560 208 333
122 560 208 333
124 561 207 331
124 561 208 331
124 560 210 333
123 560 210 333
123 561 212 335
120 561 212 337
121 560 215 341
122 560 217 342
123 558 233 352
124 558 236 354
125 558 240 354
125 557 240 356
124 557 240 356
138 556 253 354
145 555 260 356
140 552 255 356
139 554 254 356
139 554 253 356
137 555 252 355
140 553 253 355
140 554 253 355
140 554 253 354
140 554 253 355
145 555 254 353
144 555 258 354
145 554 261 358
151 554 262 357
150 554 260 356
149 553 262 356
150 554 263 357
148 554 263 356
153 553 262 354
150 554 262 355
151 553 262 355
153 554 263 352
152 553 265 355
158 552 265 353
156 552 262 353
160 551 260 351
159 550 260 350
158 551 257 350
157 552 253 347
155 553 253 347
154 552 254 347
152 551 255 350
153 552 255 350
153 551 256 350
160 551 256 348
157 551 255 347
155 552 255 349
156 552 254 347
