161 554 174 328
160 558 175 330
160 553 177 331
163 553 179 333
161 548 176 332
161 552 175 332
160 551 175 332
160 549 174 331
158 548 171 331
159 552 161 328
157 552 161 327
159 557 161 328
160 557 161 327
159 554 162 327
158 549 165 328
159 549 167 329
158 546 168 330
160 547 170 332
158 551 171 333
162 548 171 333
160 547 170 333
161 549 171 333
159 550 170 333
160 551 170 333
161 550 169 333
161 552 169 333
160 549 169 332
160 548 169 331
161 553 170 331
162 558 167 329
161 554 165 328
162 552 166 327
163 546 167 327
164 548 167 327
163 554 167 328
161 550 167 329
162 548 167 328
161 545 166 328
162 549 166 329
162 547 166 328
162 548 166 329
163 551 165 328
162 548 166 328
163 548 169 327
157 554 147 319
153 546 136 313
154 557 132 310
154 558 127 305
155 560 125 304
154 561 125 304
155 557 125 304
153 556 125 304
152 557 125 304
154 559 126 304
155 559 127 305
154 558 129 306
154 559 129 307
153 555 129 307
154 555 129 307
153 557 129 306
153 557 122 301
149 555 120 298
150 555 118 298
154 555 118 297
151 556 117 297
152 555 117 297
150 556 117 296
151 553 118 297
152 559 118 297
149 553 118 297
149 560 118 297
152 555 119 298
149 557 119 298
148 555 119 297
149 556 119 297
151 555 119 297
149 555 119 297
154 553 121 300
153 554 125 304
153 555 130 307
153 559 132 308
153 551 134 310
153 558 134 310
151 553 134 311
151 548 134 310
153 548 134 310
154 549 134 309
153 552 134 310
153 554 134 311
152 549 133 310
151 548 134 311
154 553 134 311
152 549 138 313
161 553 164 324
157 546 165 329
159 552 167 331
161 547 170 333
163 549 174 338
161 549 172 335
161 548 172 335
160 546 171 335
162 547 170 334
160 549 168 334
163 550 168 334
162 549 168 335
161 551 168 335
158 550 166 335
158 549 170 337
162 549 188 348
161 552 195 352
161 531 201 357
163 538 203 359
163 537 205 360
162 531 206 360
162 532 205 360
163 524 204 359
163 538 203 359
163 541 202 359
163 541 202 359
163 538 203 359
163 537 203 359
163 528 203 360
163 540 204 360
162 534 209 361
164 534 214 364
159 534 219 365
163 542 221 366
167 539 224 367
168 532 226 367
169 529 226 367
167 532 226 367
169 534 226 367
167 530 226 367
168 529 226 367
168 536 226 367
169 534 227 367
168 536 226 367
168 532 227 368
169 534 225 365
163 546 209 359
164 546 206 356
167 550 201 353
165 551 199 351
165 551 201 350
163 552 194 350
162 553 193 350
161 549 194 351
163 551 195 351
162 551 196 351
163 548 198 351
164 548 198 351
165 549 198 351
166 551 199 351
