125 561 102 274
128 561 108 273
130 558 105 271
126 558 103 275
127 559 101 274
128 560 101 272
147 559 131 272
135 553 106 267
133 558 102 267
132 557 100 268
131 561 98 269
162 556 161 270
134 561 105 265
127 560 101 273
43 107 33 187
140 561 116 266
134 557 105 265
131 560 103 267
134 558 103 264
132 561 102 269
158 558 165 275
136 561 115 271
132 563 111 272
133 559 110 271
131 562 108 272
134 560 108 269
134 564 107 266
135 558 106 266
131 564 100 265
130 569 100 265
128 565 96 264
128 566 97 262
124 564 94 261
153 559 148 264
149 564 144 265
131 568 105 263
127 567 101 263
124 566 98 263
128 568 98 263
124 569 98 263
127 567 97 263
127 563 97 264
132 567 101 264
124 567 85 259
124 570 80 257
125 571 71 257
132 574 68 249
163 547 149 267
130 569 72 254
128 571 64 253
124 567 64 254
128 569 64 249
129 563 65 251
189 557 186 265
137 568 89 254
128 569 68 253
128 570 65 252
150 556 115 258
132 567 66 249
155 559 122 246
130 563 64 250
133 562 57 228
131 562 49 236
129 558 49 243
129 561 49 244
130 559 50 241
136 554 83 254
130 560 57 246
127 562 57 250
130 563 55 247
129 562 50 245
126 560 50 247
128 561 51 247
130 555 50 244
128 557 54 248
129 565 54 248
128 560 58 250
146 553 110 258
128 558 74 257
125 559 68 259
124 563 67 258
126 562 66 261
125 564 66 261
157 552 161 274
144 556 117 264
124 558 76 262
124 563 70 262
126 564 68 259
126 561 73 262
127 565 79 264
128 563 83 266
124 563 91 274
127 560 100 274
128 558 103 275
0 640 0 400
0 640 0 400
146 559 135 275
135 556 115 274
130 553 111 277
130 556 105 273
134 554 120 280
161 553 197 272
140 558 127 277
134 557 121 279
133 559 126 284
133 558 129 285
132 560 129 287
133 556 136 291
133 556 139 291
135 561 136 288
134 560 136 288
135 561 136 288
135 561 137 288
136 560 137 288
135 561 137 288
135 562 137 288
136 557 138 289
136 556 141 289
134 555 143 290
135 561 147 291
135 559 150 291
136 561 151 290
136 557 151 291
138 561 151 290
135 565 152 293
136 561 152 292
137 561 151 291
136 558 149 290
45 106 30 192
152 566 170 292
150 566 161 286
150 565 152 281
140 562 137 279
144 563 143 281
143 566 139 275
139 564 136 280
142 567 137 276
43 112 27 190
167 565 169 274
144 567 149 279
147 567 145 275
142 566 142 276
139 567 141 280
139 567 139 279
137 567 138 280
143 567 138 275
144 566 136 275
