147 549 192 324
149 549 193 321
148 549 193 321
151 544 212 340
150 542 216 341
83 401 23 62
165 538 245 343
142 539 233 343
150 541 233 344
144 542 230 344
143 539 231 345
84 542 231 395
137 541 232 346
144 541 231 346
141 540 232 347
93 541 233 395
134 538 233 349
88 541 233 395
134 541 233 350
85 542 233 395
86 540 232 394
84 541 232 395
87 540 232 394
133 539 232 352
85 540 233 395
131 537 232 353
87 537 232 394
132 536 232 354
144 540 231 352
139 539 229 352
86 542 229 395
137 542 228 352
86 542 227 395
142 545 225 351
134 544 225 351
196 527 277 350
77 398 23 63
166 542 234 350
145 544 229 350
152 544 228 348
153 541 228 348
169 543 229 348
144 542 229 348
150 542 230 347
146 543 231 345
170 543 236 341
182 542 239 340
179 541 230 340
171 544 221 333
160 549 206 322
164 549 204 323
162 548 204 324
162 550 204 324
161 546 207 327
162 547 207 327
160 549 209 329
162 547 208 329
158 546 207 330
156 546 204 328
157 547 204 328
156 547 204 328
156 546 204 328
157 546 206 331
158 547 206 328
160 546 205 327
161 547 202 324
156 545 205 329
156 546 203 325
158 547 202 322
161 550 201 321
160 548 200 321
158 549 204 325
160 549 202 324
160 548 202 324
157 547 202 324
156 548 202 324
156 549 203 325
155 548 203 324
157 547 203 325
159 545 207 326
156 546 208 327
154 545 210 328
152 544 212 329
151 546 214 330
152 546 214 329
151 544 214 330
148 544 215 333
152 546 215 331
151 539 216 332
150 544 217 332
150 543 217 334
147 544 218 337
151 542 223 336
147 536 226 340
148 530 229 341
141 528 233 346
143 529 236 349
149 532 237 350
149 530 239 350
146 540 239 351
150 528 240 351
145 524 239 351
145 530 239 352
147 526 240 351
148 531 240 352
143 531 241 352
146 529 240 353
143 521 241 353
146 525 242 354
144 528 242 355
93 527 250 394
96 528 260 395
97 521 267 394
96 522 272 393
96 524 275 394
99 525 283 394
100 524 284 393
99 523 284 393
127 523 285 390
135 524 286 391
136 524 287 392
101 523 286 393
134 524 286 391
98 521 285 393
100 524 285 393
135 524 287 391
148 525 288 393
152 525 290 391
161 524 292 391
157 525 293 393
159 526 293 395
155 525 295 394
152 525 294 394
153 526 295 393
160 525 295 394
153 525 295 393
161 527 295 394
155 527 296 392
149 527 295 392
156 526 294 393
153 525 295 391
159 528 293 388
169 528 291 387
165 527 289 389
161 526 285 393
158 529 284 392
157 527 283 391
159 528 284 392
151 524 283 393
162 527 284 393
161 528 285 393
167 530 288 386
168 527 288 384
167 527 288 385
163 527 288 386
162 528 290 387
172 529 290 387
169 529 288 387
