163 552 186 349
147 545 233 373
164 548 192 350
163 550 196 356
164 548 196 353
163 548 196 355
162 543 196 355
161 550 196 355
164 548 196 353
150 551 196 371
163 551 194 353
163 551 194 353
162 550 193 351
164 547 194 352
163 552 195 353
163 551 195 354
163 551 196 356
163 551 196 353
163 549 196 355
161 544 217 362
164 550 197 353
165 550 197 353
163 549 196 354
163 549 195 354
164 549 195 352
163 547 194 353
162 550 194 353
163 551 194 353
164 552 194 351
163 551 192 351
163 545 192 350
161 545 190 349
161 541 189 348
162 535 187 346
162 542 185 345
163 527 185 346
163 535 186 344
161 538 185 347
162 538 185 346
167 534 191 344
167 541 203 349
162 540 190 347
164 535 188 345
162 530 186 346
164 545 170 340
165 543 165 337
165 549 160 335
164 552 156 333
163 552 152 333
0 640 0 400
168 551 164 332
168 555 159 332
165 553 157 334
165 550 155 333
165 556 154 333
164 553 154 333
164 552 154 333
164 554 154 333
165 547 153 332
164 559 150 332
165 556 148 332
166 554 146 331
166 550 145 331
166 554 144 329
210 535 229 319
172 545 186 343
167 549 151 333
164 551 147 332
167 556 145 331
165 551 145 332
167 548 145 330
168 552 145 328
165 557 146 333
166 551 150 332
166 551 152 333
166 548 155 337
166 549 158 339
166 545 160 340
167 545 160 338
187 529 193 332
0 640 0 400
168 544 174 345
165 544 164 339
165 550 161 340
165 545 160 340
165 549 160 339
163 546 161 343
164 549 169 343
163 548 174 346
162 536 180 352
163 537 185 354
0 640 0 400
153 524 209 371
150 525 200 373
150 526 199 371
152 530 198 372
152 531 198 371
150 526 196 371
152 533 196 371
149 530 196 371
152 530 196 371
151 534 203 371
154 534 208 373
152 535 216 372
189 527 274 373
152 517 236 372
148 514 238 384
126 521 237 374
147 518 237 372
158 516 236 372
145 521 236 372
149 512 236 372
149 517 236 372
150 514 235 372
119 523 236 376
147 521 236 374
127 518 240 372
138 513 241 377
146 527 243 373
147 525 246 384
149 529 249 383
145 523 250 378
0 640 0 400
181 535 266 385
146 527 257 378
158 534 256 380
132 531 255 381
76 537 256 382
133 534 254 385
137 533 255 381
161 533 256 384
164 535 255 385
133 534 256 385
160 529 252 380
157 531 247 379
83 532 241 373
141 526 235 373
137 526 231 373
137 535 230 373
149 527 238 373
138 522 248 372
137 522 232 373
136 528 232 373
137 531 230 372
135 529 229 372
137 530 229 372
137 525 228 373
136 525 228 372
