97 552 167 296
100 553 167 294
102 556 165 291
108 555 157 283
111 554 156 281
112 554 158 282
109 556 157 282
110 555 157 283
109 556 155 282
110 556 156 282
109 556 156 282
109 553 156 281
104 554 157 283
108 556 158 283
109 554 156 283
106 553 153 281
105 555 152 281
106 555 151 281
105 553 150 281
211 558 241 281
113 558 156 278
110 557 152 276
110 557 152 276
108 556 153 275
114 555 152 273
109 558 151 274
110 556 150 273
112 557 150 274
108 561 151 275
112 561 152 273
107 564 152 275
112 561 152 273
107 556 152 274
231 458 231 267
198 554 220 268
110 557 156 274
106 560 151 275
107 557 148 273
106 560 148 275
108 561 148 273
104 560 148 275
102 560 148 276
105 557 149 275
105 560 149 275
108 563 141 270
108 561 137 268
108 557 131 267
107 560 126 265
106 557 123 265
106 555 123 264
106 557 123 265
106 557 122 265
104 556 122 265
106 555 121 264
102 555 119 263
105 557 117 260
101 554 117 262
108 557 118 259
105 554 119 259
108 554 118 258
107 554 116 258
108 558 115 258
103 555 113 259
106 552 112 257
105 553 111 256
104 552 111 257
104 553 111 257
105 554 112 256
106 552 112 256
102 548 112 259
104 552 112 258
103 550 112 259
103 549 113 260
103 545 115 262
105 544 117 263
102 544 121 266
105 545 123 266
103 551 125 270
99 550 126 273
102 549 126 271
114 548 149 271
109 544 139 269
0 640 0 400
101 546 126 271
101 550 121 268
99 549 120 269
100 549 121 270
102 551 127 274
104 550 134 279
103 552 140 281
100 545 146 285
100 541 150 289
100 541 152 288
101 544 153 287
101 545 152 288
101 542 152 289
102 541 152 288
102 542 152 287
100 543 151 288
101 546 151 287
100 544 151 289
102 543 152 288
102 548 158 292
103 550 164 292
101 554 169 295
102 550 177 301
100 550 180 304
171 549 248 303
114 546 190 304
108 547 186 304
108 548 186 304
102 548 186 304
103 549 185 304
102 546 185 305
103 548 185 305
106 550 184 304
106 548 184 305
107 552 186 306
107 553 188 307
94 551 188 305
92 552 190 307
91 554 192 308
92 550 193 308
100 552 191 306
91 554 193 309
93 553 193 308
92 553 194 308
148 554 226 305
99 551 197 307
100 550 196 308
99 552 195 307
96 549 195 307
96 554 196 307
93 555 194 304
96 556 192 301
98 556 191 298
99 559 189 294
102 556 186 292
103 559 184 292
100 560 184 292
101 558 184 291
0 640 0 400
122 553 201 291
113 556 180 289
104 557 179 290
110 555 182 291
105 557 182 291
106 556 183 291
