146 563 141 265
144 565 128 261
143 568 128 263
142 569 130 265
142 569 128 265
141 570 125 263
144 572 125 263
145 571 130 266
140 572 128 267
145 571 128 265
141 573 125 266
143 572 126 266
144 573 124 263
141 573 121 262
140 573 122 263
142 573 127 265
138 572 126 265
0 640 0 400
143 566 131 270
144 571 129 270
153 565 141 268
151 548 159 277
148 568 136 274
145 570 135 274
0 640 0 400
144 567 132 275
143 570 130 275
143 570 134 276
145 571 131 275
143 573 133 275
145 573 132 276
143 575 127 275
139 576 125 276
139 576 122 275
222 547 206 278
287 548 224 276
145 573 134 276
142 574 131 276
141 574 129 277
142 575 129 276
140 576 126 276
135 576 124 275
138 575 122 275
138 576 122 275
138 576 121 275
139 577 106 268
137 578 97 264
136 578 93 263
135 578 89 261
130 578 84 259
127 578 82 258
125 578 81 259
132 577 85 259
122 577 85 260
0 640 0 400
161 563 139 257
142 576 100 254
141 572 92 245
138 576 88 248
136 576 87 249
130 576 82 248
132 572 77 247
130 572 74 249
134 568 73 250
137 563 73 251
132 574 73 252
132 575 73 252
136 574 72 252
135 572 72 252
136 574 73 252
135 571 72 252
0 640 0 400
128 573 85 255
136 571 82 255
134 569 87 253
128 566 88 254
134 559 93 259
126 561 95 259
126 559 97 260
125 563 95 259
130 561 96 259
117 553 93 257
131 556 93 257
131 554 91 257
130 554 91 257
160 556 149 264
134 559 113 267
124 562 98 259
145 560 131 269
134 564 115 269
134 561 122 275
134 564 127 276
133 568 137 283
134 567 128 278
128 567 129 280
130 563 127 280
130 561 126 279
129 561 126 280
128 567 128 280
128 562 129 281
129 567 128 281
129 562 125 280
128 561 126 280
131 565 127 281
136 566 155 294
134 565 156 295
128 563 152 295
125 564 156 298
130 565 158 300
185 509 208 304
137 560 179 303
131 562 175 303
142 562 176 303
135 562 176 303
138 563 176 302
138 562 175 303
140 563 174 302
138 565 174 303
143 561 175 302
136 564 176 303
152 564 185 305
162 562 191 309
160 562 197 309
163 564 191 304
212 544 226 301
201 519 223 306
196 517 215 307
185 556 202 307
191 553 195 305
172 557 195 306
177 561 197 307
170 560 197 308
171 560 197 308
187 554 196 303
182 560 194 301
185 564 189 299
160 564 183 296
159 565 177 293
216 542 217 292
182 556 190 293
154 564 177 295
149 565 173 293
153 565 174 293
151 565 173 293
259 540 236 295
180 548 188 293
151 563 176 293
151 564 177 295
