99 543 158 321
95 545 153 321
96 542 152 320
97 542 155 319
98 540 155 318
99 540 155 317
135 489 206 294
107 540 164 317
104 541 160 317
102 540 157 316
100 541 155 316
99 540 154 316
135 480 206 292
106 540 163 318
103 539 159 317
100 539 156 317
100 540 152 315
96 546 143 313
95 539 145 315
95 541 145 315
97 540 146 315
140 479 237 297
101 540 156 314
0 640 0 400
151 530 258 329
109 539 161 313
99 542 150 313
100 543 151 315
98 544 151 316
99 547 150 317
98 547 152 317
99 549 152 317
114 545 186 317
103 549 158 315
100 549 153 315
135 544 207 317
106 547 157 313
104 548 153 313
102 548 153 313
103 549 153 313
104 549 154 314
105 550 153 314
104 549 155 318
102 546 151 315
95 546 144 312
96 548 136 313
96 547 132 311
112 545 166 317
92 543 128 312
95 546 121 311
91 546 119 310
95 544 124 312
94 544 124 313
93 546 124 315
109 549 170 322
100 547 146 317
94 546 127 313
90 545 127 313
93 546 127 315
91 547 128 316
95 543 128 316
96 545 130 318
100 542 135 316
100 546 135 312
96 537 133 301
96 544 124 308
114 534 193 319
94 542 119 304
92 541 109 299
92 537 110 293
100 545 129 305
91 546 109 303
91 543 107 301
92 538 108 298
103 545 153 312
115 477 205 297
95 541 118 303
93 542 110 303
90 537 109 300
90 536 109 299
90 537 108 300
92 534 108 298
119 535 223 321
91 540 120 305
88 532 115 296
86 528 116 292
86 531 119 295
86 531 119 296
84 531 118 299
86 529 121 303
103 535 185 316
100 533 177 313
85 537 125 305
84 535 122 305
85 531 119 297
85 533 120 299
86 535 120 303
90 532 129 300
88 524 124 295
86 526 118 295
85 531 123 301
85 530 128 307
84 529 132 306
122 480 185 279
109 518 166 295
112 509 164 286
113 477 176 275
103 527 163 308
102 529 163 309
103 527 162 308
110 520 162 296
109 497 166 284
96 531 161 315
93 530 162 319
119 528 221 327
103 529 190 323
104 531 189 324
107 530 194 323
107 532 196 321
106 534 193 323
124 533 200 316
128 527 200 314
125 527 199 311
128 528 199 312
130 519 197 305
130 525 196 310
131 527 196 310
130 525 196 309
127 528 194 311
105 539 187 321
97 536 186 323
100 535 189 326
103 537 201 328
101 539 197 329
98 540 194 329
109 540 197 326
118 538 200 324
122 540 201 321
124 542 201 321
129 541 202 320
128 536 202 318
131 540 204 319
134 537 202 318
130 534 202 317
126 539 199 317
123 541 198 318
120 542 192 318
158 512 248 314
100 544 179 324
100 543 174 321
0 640 0 400
122 542 199 321
111 542 186 319
108 542 185 320
109 543 185 320
109 542 184 319
168 513 269 316
120 544 200 322
114 543 193 321
