62 515 136 273
65 515 137 273
73 513 132 264
75 512 129 264
177 513 194 257
94 513 135 257
80 512 128 260
75 512 119 260
75 511 117 259
103 514 151 261
77 511 122 260
75 511 118 260
74 513 118 261
0 640 0 400
0 640 0 400
108 507 157 253
78 513 117 255
79 514 116 256
73 514 116 257
80 513 117 257
0 640 0 400
78 513 125 259
76 513 120 259
77 512 119 259
74 513 120 259
76 514 118 259
77 513 117 259
77 514 116 258
75 514 113 258
80 514 112 258
90 514 120 255
95 515 127 258
80 516 114 257
79 516 111 257
79 516 111 257
157 508 168 253
186 517 198 253
89 515 126 257
81 517 118 257
81 516 113 257
77 516 107 256
69 516 105 256
66 516 106 256
72 515 95 252
116 510 122 243
91 517 115 246
173 513 174 242
79 513 77 240
71 512 71 238
69 512 70 237
162 516 176 243
154 517 177 244
75 515 100 246
74 513 79 242
67 511 75 240
87 514 93 236
101 517 122 241
160 513 174 239
79 512 79 238
0 640 0 400
68 511 77 236
0 640 0 400
71 509 73 233
66 507 64 231
63 509 63 231
0 640 0 400
65 511 70 234
64 510 67 233
55 510 66 233
56 510 66 233
58 509 67 233
61 509 75 227
80 510 89 236
41 510 71 234
40 509 72 236
38 508 74 236
40 506 77 239
35 508 78 239
38 506 78 239
43 508 79 239
41 510 79 239
0 640 0 400
59 511 88 236
0 640 0 400
54 509 86 238
59 509 83 238
42 510 83 239
39 509 85 241
43 513 96 245
118 518 171 255
61 513 115 255
51 514 117 258
40 514 120 259
37 514 120 260
0 640 0 400
152 521 174 256
0 640 0 400
57 513 126 262
51 513 121 263
45 512 122 263
40 512 123 264
45 513 125 266
56 509 133 273
51 511 137 277
44 512 144 283
50 512 147 285
50 510 152 287
29 511 154 288
29 513 155 288
29 517 179 291
114 520 191 279
59 515 157 284
71 517 158 282
71 517 159 285
171 427 213 274
71 519 173 286
62 517 165 289
58 518 165 291
83 518 167 293
70 518 169 295
84 518 170 296
84 517 171 296
63 519 171 295
64 519 174 295
83 519 174 296
82 519 175 296
84 519 173 295
81 520 173 295
157 431 224 286
27 521 179 293
77 521 176 293
80 520 175 293
32 520 174 293
81 520 175 294
35 520 172 291
39 520 167 289
86 519 164 287
132 517 182 279
97 521 168 280
100 523 171 278
89 519 157 280
96 518 157 280
95 519 157 280
96 519 157 281
86 520 157 282
93 520 157 282
86 521 157 283
92 520 157 283
135 521 189 274
