94 563 109 276
94 562 109 276
92 561 109 276
72 562 119 279
90 562 123 281
88 563 125 280
90 563 125 280
79 562 127 281
88 563 125 281
81 562 124 281
89 563 124 281
89 563 125 282
86 563 125 281
79 562 126 281
85 562 127 281
80 563 128 281
87 562 128 281
77 562 126 283
89 562 124 282
77 562 124 282
88 562 124 281
75 563 125 283
85 562 126 282
80 562 126 283
83 562 126 282
83 562 126 282
84 563 126 283
83 562 128 282
86 563 128 282
77 563 127 282
80 563 125 280
87 562 124 281
74 563 124 280
77 564 123 279
76 563 122 278
80 563 122 279
76 563 122 279
78 563 122 279
80 564 122 280
81 563 123 280
72 563 123 281
79 563 123 280
76 564 124 279
75 564 124 279
90 563 106 274
90 559 94 271
55 559 85 267
87 557 80 265
54 556 77 265
63 556 75 263
61 554 76 265
56 556 76 265
65 558 78 265
57 556 78 267
88 559 78 267
66 557 79 267
55 556 80 268
94 558 80 268
88 556 77 266
53 556 75 267
55 553 74 265
61 548 73 265
88 546 73 266
62 542 72 265
93 548 72 265
54 543 72 266
56 548 73 265
64 546 73 265
55 539 73 266
92 542 73 266
89 545 73 267
93 546 73 266
65 538 74 267
93 555 91 273
91 558 91 274
93 558 94 275
93 555 96 275
95 557 97 275
92 555 96 275
95 553 93 273
94 558 93 274
94 553 93 273
92 554 92 274
93 551 93 273
93 552 93 275
92 556 93 274
97 552 93 273
97 562 116 281
95 563 122 282
98 563 130 283
95 563 136 285
82 563 139 286
95 563 139 285
99 562 138 285
88 563 138 285
97 563 137 284
89 563 137 285
96 564 137 285
95 564 137 285
96 563 137 285
96 563 137 285
93 563 138 285
96 563 148 285
70 561 157 289
75 562 164 291
77 561 169 295
85 560 172 297
88 562 173 297
86 560 173 298
76 560 173 299
59 561 172 298
77 562 172 299
88 560 172 296
86 562 172 296
46 562 172 298
85 561 172 298
62 561 173 298
89 560 173 297
91 561 172 295
98 562 174 296
105 562 178 296
104 562 180 297
100 563 179 299
98 563 173 296
96 563 175 298
97 562 175 298
111 562 181 295
146 561 211 292
112 561 192 294
104 562 187 296
115 562 186 293
107 562 187 295
105 562 190 296
103 561 191 299
108 562 188 294
108 563 180 291
112 562 172 291
105 563 166 291
98 564 165 292
101 563 166 292
95 563 164 292
98 563 162 291
99 562 165 292
99 562 165 292
98 562 165 293
103 562 166 292
99 563 167 293
102 563 167 293
104 563 167 292
