60 564 164 332
80 562 183 330
62 567 165 332
61 568 163 332
62 565 159 330
58 566 159 332
61 567 159 330
58 564 158 332
59 563 158 331
58 565 157 332
58 564 157 331
57 564 157 332
55 565 156 331
56 566 155 332
52 566 155 331
54 566 155 330
56 565 154 330
54 564 154 331
53 564 154 330
56 565 155 331
61 562 162 331
56 565 157 331
57 565 155 329
53 565 154 331
50 565 154 332
54 565 154 329
52 567 154 331
51 565 154 331
51 566 155 331
51 566 154 332
50 565 154 331
51 568 154 331
53 565 153 331
51 565 153 331
51 565 153 331
50 566 152 331
54 565 154 330
87 569 189 331
80 561 181 330
62 565 166 331
132 562 239 321
62 564 162 331
53 566 152 332
54 570 151 332
51 568 151 331
52 570 151 330
53 566 151 331
52 567 151 330
53 569 151 331
52 572 151 331
54 569 151 330
58 566 152 327
54 566 152 329
57 569 153 327
52 566 152 328
51 566 151 329
54 566 150 328
52 566 150 328
52 566 149 328
52 566 149 328
53 568 149 328
50 568 148 328
52 569 149 328
52 569 148 329
53 569 140 324
51 570 133 322
44 565 122 318
38 576 110 314
36 571 106 313
35 576 107 314
38 575 107 313
38 574 107 313
37 575 107 314
37 574 108 313
36 573 108 314
34 572 108 315
36 574 108 315
34 575 108 314
34 572 108 314
39 574 106 312
36 574 105 313
35 572 102 312
34 577 101 313
34 576 101 311
31 575 100 313
31 576 100 313
117 570 211 311
73 568 142 310
34 568 104 314
30 570 104 314
36 573 103 312
34 571 103 313
33 570 103 313
29 570 103 313
35 570 103 312
34 571 106 314
33 575 109 314
39 571 118 314
39 571 123 316
39 575 121 316
32 578 118 317
34 577 118 316
36 578 118 317
38 577 118 315
98 573 177 309
125 570 218 312
42 567 125 318
39 577 121 317
38 572 121 317
38 574 121 318
39 568 120 317
36 569 120 317
37 569 120 318
37 572 127 323
39 571 136 325
39 573 145 330
34 572 152 333
33 572 157 334
34 569 155 334
45 571 155 334
35 571 154 333
37 572 152 333
40 571 155 332
63 564 163 332
51 571 155 332
50 572 156 333
40 572 157 334
54 567 164 334
58 567 169 333
64 568 178 336
71 564 194 342
79 566 202 343
74 564 198 342
75 565 198 341
73 564 197 343
72 565 196 342
75 566 194 340
72 565 193 342
72 563 193 341
72 565 193 341
74 564 193 341
76 566 197 341
77 568 200 341
78 567 202 343
84 564 208 343
84 560 210 345
85 564 211 345
85 562 210 344
85 563 210 345
84 563 209 344
84 563 209 343
84 562 210 344
84 563 209 343
84 564 209 343
84 562 209 344
81 563 208 344
83 563 209 344
84 561 209 344
83 564 208 342
84 565 209 345
84 561 209 345
82 563 209 344
83 564 208 343
83 564 208 343
82 562 208 344
81 564 208 343
84 561 204 340
82 565 200 340
82 561 199 338
79 563 194 335
76 565 185 332
72 565 185 334
75 565 187 333
73 564 188 336
73 564 187 334
74 564 187 335
73 564 186 333
72 565 186 333
72 565 186 334
74 564 186 334
72 565 188 334
