148 544 196 370
148 547 191 371
148 551 189 370
151 549 194 369
163 551 194 354
152 548 193 369
152 551 193 369
147 551 193 369
164 552 193 352
163 547 193 354
148 549 192 369
162 552 191 353
162 551 191 353
162 552 193 353
156 547 204 371
147 545 211 371
148 548 198 370
148 549 196 370
148 550 194 369
148 549 194 371
163 551 193 355
163 547 193 353
160 552 193 358
162 553 193 357
145 552 193 370
162 552 193 357
142 552 192 371
149 552 192 369
145 552 192 369
147 551 192 369
146 551 190 370
143 547 189 369
131 548 187 369
159 542 186 350
162 541 185 344
274 543 269 331
139 541 196 369
161 539 189 348
163 544 187 345
160 548 185 348
161 539 185 347
163 546 184 345
161 546 184 345
161 545 184 344
162 545 184 343
160 546 184 344
161 544 183 343
162 546 183 343
161 543 182 343
165 551 172 339
165 549 165 336
165 557 159 334
164 554 155 332
164 553 152 331
169 551 155 331
170 546 169 336
165 556 157 332
167 556 155 331
165 560 152 331
166 554 154 330
165 553 154 331
165 552 154 331
166 553 155 332
165 553 155 333
164 560 155 333
166 559 154 331
164 557 151 332
165 555 148 332
164 553 145 332
165 554 144 330
168 555 143 331
164 554 143 332
166 555 143 331
201 528 234 329
165 554 152 335
168 554 148 330
168 552 147 330
167 550 147 332
167 559 146 331
166 553 146 334
166 553 149 333
165 550 152 337
165 553 154 337
165 548 158 341
163 547 160 341
164 545 161 341
159 530 216 370
154 534 211 371
168 547 170 341
168 547 169 342
166 545 163 340
166 545 161 340
168 543 161 337
164 551 161 341
165 543 161 337
164 545 161 341
163 548 169 346
79 548 173 371
163 546 179 351
135 539 185 369
148 533 193 371
149 540 194 369
150 538 195 370
149 532 194 370
151 537 193 369
150 536 193 371
151 533 193 371
163 524 208 370
158 528 250 370
155 530 204 369
150 531 202 370
151 538 209 370
155 541 219 371
157 543 227 371
160 521 231 371
156 528 236 377
147 529 237 376
133 520 236 376
156 518 236 377
156 524 236 375
149 516 236 376
101 540 253 374
140 535 248 375
133 525 237 375
151 521 236 375
146 520 236 377
120 522 238 375
127 522 240 377
144 522 244 375
115 526 249 379
71 534 249 381
160 538 253 383
159 533 255 383
136 527 256 383
144 535 254 383
135 530 255 379
194 525 275 371
107 540 269 383
145 533 256 383
119 532 256 381
133 532 254 382
135 534 254 382
151 530 250 382
141 535 245 373
154 527 240 372
147 526 235 372
147 529 232 371
138 537 230 371
193 531 269 375
133 537 251 371
139 531 232 370
141 528 229 370
138 538 229 371
132 530 229 371
142 534 228 371
137 535 228 370
138 539 228 371
136 538 228 370
137 532 228 370
145 535 228 370
139 534 228 370
