153 574 192 356
152 574 194 360
152 573 195 359
156 572 197 357
150 572 198 364
152 571 199 364
155 572 200 359
156 572 201 357
156 571 201 357
143 569 202 359
155 571 202 355
133 572 203 355
158 570 203 355
155 571 203 360
154 571 203 356
155 570 204 358
155 571 203 356
154 572 203 360
150 572 203 358
156 570 203 360
134 571 204 356
156 572 204 359
152 571 203 355
159 570 203 356
156 572 202 356
156 571 203 357
157 572 203 361
157 570 203 357
150 572 202 355
134 573 200 359
145 572 197 349
150 571 193 348
155 570 191 350
155 568 191 348
146 573 191 350
151 572 191 347
152 569 191 348
150 571 191 349
153 572 191 347
150 574 192 351
144 572 192 349
145 571 193 349
146 571 193 347
154 575 177 347
154 576 172 344
150 576 168 345
147 578 163 347
148 577 158 343
147 577 157 344
143 577 157 348
149 575 157 342
147 577 157 344
143 578 157 347
146 576 158 346
144 577 158 348
145 576 159 346
145 577 157 347
147 579 154 343
147 578 154 343
148 579 153 344
149 577 150 341
150 577 151 341
147 578 151 344
148 578 151 342
151 576 151 341
149 578 151 343
149 578 152 343
150 577 152 342
149 578 153 344
149 577 153 344
152 578 156 342
152 577 161 347
151 576 165 347
159 572 191 351
155 573 182 350
157 571 183 351
154 572 180 351
156 572 180 347
153 572 180 354
153 573 180 353
155 571 180 348
152 573 180 355
153 573 180 353
155 572 180 349
153 573 181 352
154 571 181 351
154 569 189 355
154 565 196 358
154 565 202 362
157 559 211 361
158 558 216 366
149 553 209 363
150 558 213 364
161 555 212 363
158 557 212 361
156 559 213 362
149 556 213 360
154 557 212 362
160 558 214 363
152 558 213 361
163 559 211 362
159 557 211 364
162 552 215 363
135 551 215 376
140 552 220 372
130 549 226 379
149 550 231 375
139 549 233 376
143 549 233 379
129 546 235 386
132 554 234 385
140 546 234 382
141 554 233 384
142 549 233 381
140 544 233 379
135 557 233 385
139 556 234 382
140 539 239 382
144 544 244 385
147 544 246 383
160 544 247 381
141 547 249 388
166 549 249 379
145 548 249 386
148 545 250 383
145 548 249 385
147 547 250 383
148 546 250 386
145 544 250 388
145 548 250 389
145 548 250 386
150 549 250 383
144 547 250 387
143 551 245 385
169 550 242 368
172 553 238 363
168 553 236 364
174 556 237 362
171 556 236 363
170 555 236 362
171 553 236 365
163 555 237 369
156 553 237 375
172 557 236 363
166 554 238 366
169 556 237 365
164 556 237 369
