40 520 149 313
27 519 134 312
46 522 163 324
46 522 166 325
53 522 166 326
55 522 167 327
59 522 169 327
57 522 170 327
58 522 170 329
65 522 171 327
63 523 171 329
59 521 170 328
60 523 170 328
58 522 170 327
61 523 170 327
65 522 170 328
57 523 170 329
63 523 171 329
62 522 171 328
63 522 171 329
66 521 172 327
61 522 172 328
66 522 172 329
64 522 174 330
68 523 176 329
67 522 175 329
68 521 174 327
66 521 174 328
66 523 174 329
65 523 173 326
64 523 172 327
63 525 169 326
63 526 170 325
62 526 170 325
62 526 170 326
66 528 171 324
63 526 171 326
65 527 171 325
63 526 171 327
64 527 172 326
63 526 172 325
65 528 173 326
63 525 173 326
64 526 174 326
59 523 164 323
47 522 150 316
38 521 143 316
30 520 137 315
27 517 129 312
28 518 127 311
35 518 128 310
28 519 128 311
26 518 129 312
29 518 130 313
30 519 130 312
30 519 131 312
29 519 131 313
28 518 130 312
28 519 125 311
23 516 123 313
25 517 120 311
23 516 118 310
29 516 115 310
24 516 114 310
26 515 115 310
28 516 114 311
25 516 114 311
26 516 114 310
25 515 114 311
20 516 115 311
27 515 115 312
24 516 116 310
85 512 164 317
67 516 141 311
57 516 124 312
24 517 122 312
38 517 125 313
58 518 127 316
58 517 127 314
37 516 127 315
40 517 128 314
40 517 128 315
39 516 128 315
39 516 129 317
58 518 129 316
62 518 130 316
40 516 132 315
39 517 132 316
61 519 143 320
45 520 158 324
54 520 163 324
66 521 170 326
68 521 176 329
68 521 176 327
83 521 178 328
75 520 178 329
85 521 179 328
85 521 180 329
76 521 181 329
89 521 181 328
73 521 181 329
77 522 187 332
90 522 197 335
91 523 203 336
94 524 210 338
103 527 220 340
107 527 222 339
100 526 224 340
100 526 224 340
101 527 224 340
100 526 225 339
101 526 225 339
97 527 226 340
102 526 228 337
105 527 231 340
104 528 233 341
104 527 233 342
102 527 230 342
104 526 230 341
107 528 231 341
114 527 233 339
111 528 233 341
118 528 235 338
118 526 240 341
120 526 240 340
121 526 240 341
121 527 240 340
123 526 240 339
123 526 242 340
127 526 242 338
129 525 243 339
129 525 244 339
126 526 244 339
132 525 244 338
130 525 244 338
136 526 245 335
130 525 241 336
126 526 232 331
129 527 229 327
123 528 224 326
121 527 221 324
121 527 223 326
117 527 221 327
117 528 222 328
117 527 222 328
117 527 221 327
120 527 221 327
121 527 221 327
120 527 221 327
127 527 223 326
130 527 225 325
