210 575 200 321
213 575 201 319
213 574 201 320
210 574 207 327
208 574 206 329
201 575 202 332
202 575 201 331
201 575 202 332
202 575 202 331
208 574 206 327
208 574 207 328
210 574 209 328
212 574 207 325
212 574 209 327
212 574 209 326
212 574 210 326
214 574 210 325
209 574 207 327
205 575 203 327
204 575 203 330
204 576 201 329
204 577 196 327
203 576 203 333
220 569 229 331
258 556 282 340
225 568 250 337
219 569 234 335
216 572 223 331
219 572 219 329
220 574 217 328
219 574 218 328
221 575 216 327
219 576 215 326
220 576 215 325
219 575 217 324
219 575 219 325
222 575 215 324
220 576 213 323
218 576 211 321
218 576 213 321
218 576 215 323
219 576 215 324
218 576 213 321
218 576 215 323
214 579 195 316
214 579 191 313
212 580 187 316
209 581 178 312
210 580 176 312
210 580 177 312
215 578 189 315
217 580 181 309
209 581 175 311
209 581 176 312
210 581 174 310
210 581 173 309
207 582 172 309
0 640 0 400
218 580 191 308
212 584 173 304
208 585 163 303
209 586 156 300
205 585 155 303
206 585 153 299
204 586 146 298
204 584 149 298
206 585 150 297
202 585 149 303
0 640 0 400
244 562 253 317
204 583 159 306
202 584 156 310
201 584 155 308
200 584 155 308
201 584 151 306
200 584 149 305
199 584 151 306
199 584 151 305
198 584 156 308
198 584 157 309
200 584 159 308
200 583 161 310
200 584 159 308
200 584 159 309
199 584 158 309
200 584 157 306
200 584 157 305
200 584 157 307
200 584 158 307
201 584 160 307
199 584 160 309
200 583 159 306
199 583 160 309
199 584 159 307
199 584 158 307
199 582 163 309
200 582 168 311
199 582 172 314
196 582 175 316
197 582 181 320
198 582 184 321
199 581 184 321
199 581 184 322
198 581 183 319
199 581 183 320
199 581 183 320
199 581 183 321
199 582 181 319
200 581 183 321
199 580 189 328
199 579 196 333
198 578 203 339
198 578 209 344
197 577 216 354
202 577 217 349
204 578 214 346
203 578 215 348
203 578 215 348
201 576 220 353
203 577 216 349
202 576 219 352
202 577 220 353
204 578 218 352
203 577 225 359
204 576 230 365
202 575 231 366
204 575 235 371
204 576 235 371
203 575 238 373
205 575 239 373
206 575 238 372
206 575 240 373
207 575 240 373
207 575 240 373
207 575 238 371
207 576 238 370
210 576 237 367
211 576 234 365
208 577 229 362
204 579 215 352
199 579 210 349
200 579 212 349
202 579 212 348
203 579 217 351
205 579 216 348
206 579 216 347
208 580 214 345
207 580 215 346
207 579 217 351
208 579 216 348
209 579 218 349
208 580 217 347
210 580 219 349
