0 640 0 400
61 520 166 322
59 520 166 322
62 519 169 324
61 519 170 325
62 520 170 325
57 520 170 325
66 520 172 326
65 519 170 326
64 520 169 325
62 520 169 327
60 519 170 327
65 520 171 327
62 520 171 327
61 519 171 328
61 521 172 330
65 520 173 328
65 519 173 329
65 519 173 329
64 519 173 329
65 518 173 330
63 519 173 330
66 519 173 328
66 519 173 328
65 520 174 329
65 519 174 330
65 520 174 330
65 519 174 329
66 519 174 328
64 521 173 328
63 522 173 327
64 521 173 327
64 523 173 326
63 522 173 325
64 522 172 326
62 523 172 326
59 523 173 326
55 524 174 325
65 522 174 326
63 523 174 326
59 521 174 326
62 522 174 326
66 522 174 326
63 522 173 326
59 524 173 326
59 523 173 327
59 524 173 326
64 523 174 326
63 520 163 321
53 520 153 316
39 518 145 314
33 518 138 312
24 515 127 309
25 515 128 311
25 516 128 311
27 516 129 312
30 514 129 312
29 515 130 311
29 515 130 311
28 516 130 314
29 515 130 311
28 518 129 313
23 516 128 310
29 514 124 313
24 515 122 312
26 514 120 311
27 513 118 311
25 513 117 311
34 513 114 310
26 513 114 309
31 513 114 308
29 513 115 307
28 513 115 308
29 513 114 307
26 513 114 308
29 513 115 308
26 513 115 309
24 513 116 310
26 513 117 310
26 514 118 310
25 514 119 310
35 514 122 312
24 514 124 312
56 516 129 315
58 515 129 314
36 515 130 316
58 515 131 315
54 514 131 316
55 514 132 315
38 514 134 317
57 515 134 317
40 514 135 316
59 515 136 316
54 515 140 319
104 514 211 325
55 516 176 323
84 518 171 321
58 518 174 326
56 518 176 327
56 518 176 328
66 520 177 328
65 518 177 327
86 518 177 328
55 518 180 327
65 518 178 325
77 518 178 326
87 521 178 327
90 520 180 327
91 519 193 333
92 520 210 336
99 521 213 337
104 523 224 340
100 524 233 343
104 524 234 342
104 524 233 341
107 525 233 341
105 523 234 341
104 524 234 341
106 525 234 341
110 524 236 340
109 524 237 341
112 525 239 340
113 524 240 341
115 524 240 340
120 523 241 340
127 523 244 339
131 523 245 338
127 522 244 339
126 522 244 339
126 523 244 339
128 522 244 339
126 522 244 340
131 523 245 338
128 523 245 339
131 523 245 338
131 524 245 339
125 521 260 353
116 526 215 318
86 527 196 321
91 527 204 327
104 528 210 328
108 527 214 328
107 527 215 329
108 526 216 330
114 527 219 329
115 526 223 331
117 527 223 331
120 527 224 330
125 527 227 330
127 526 228 329
131 527 230 328
133 528 231 327
137 527 231 326
