47 572 144 327
47 568 145 326
49 568 145 326
48 571 149 329
47 571 150 329
51 568 150 329
51 568 150 328
35 566 151 330
46 568 150 329
39 570 149 329
44 573 148 329
48 570 145 327
49 569 149 328
52 568 150 326
52 569 153 327
46 567 152 327
49 570 153 328
50 569 153 328
52 567 153 328
50 567 153 328
51 568 152 329
34 568 151 329
48 568 151 327
49 571 151 329
39 570 150 328
47 568 150 328
47 570 150 329
51 569 150 327
50 569 150 327
55 568 151 326
50 568 151 325
52 570 150 326
53 569 150 325
54 569 149 324
50 569 148 325
51 571 148 324
50 569 147 325
50 571 147 325
51 570 148 325
51 570 146 325
50 569 146 325
49 571 145 326
54 570 143 323
53 568 135 320
45 571 121 314
34 577 107 312
35 574 106 313
36 577 106 312
34 573 106 313
36 577 107 314
34 573 107 314
39 570 107 312
36 571 106 312
37 572 106 312
36 570 106 312
36 569 106 312
35 569 106 313
31 577 104 312
33 578 102 312
34 574 100 311
34 577 98 311
31 577 98 311
31 576 98 311
70 572 145 314
42 576 114 313
35 577 104 312
37 569 104 312
34 572 103 311
36 576 103 310
35 577 102 311
34 578 103 311
36 574 102 311
31 576 102 313
31 576 105 312
33 578 108 313
34 578 111 314
35 577 118 315
42 577 123 316
35 578 121 316
38 580 120 316
35 576 119 316
35 579 118 316
33 578 117 315
34 579 116 315
33 576 116 315
32 578 115 315
38 578 116 315
38 578 123 321
36 572 130 324
39 575 136 327
37 574 149 332
35 572 157 333
43 572 156 332
46 573 153 332
46 574 151 332
35 575 148 332
70 575 178 331
66 569 172 332
55 573 161 332
49 572 157 332
47 574 155 332
54 573 159 333
53 571 160 333
55 569 162 331
54 570 165 332
59 571 168 334
61 567 176 336
61 567 176 334
59 571 175 334
61 570 174 332
61 570 175 332
58 568 176 334
61 567 173 332
59 572 175 333
64 569 178 332
62 570 185 335
68 568 187 333
72 569 190 334
75 565 193 332
78 570 196 334
79 570 196 333
78 572 197 334
78 571 197 335
79 569 197 334
78 567 198 335
78 568 197 335
77 570 196 335
80 567 194 333
78 563 188 330
77 568 185 329
72 566 183 331
69 566 181 329
67 564 180 331
72 566 181 327
69 565 181 329
68 566 181 330
68 566 180 330
70 566 181 329
69 567 182 329
69 569 182 329
69 567 182 328
68 569 183 330
70 565 182 329
