158 557 146 311
158 558 146 311
158 558 147 312
159 557 148 311
156 557 148 310
157 559 147 308
153 559 146 307
152 559 147 309
160 556 149 309
156 558 151 312
157 556 152 313
159 557 152 314
158 557 152 313
158 558 152 313
157 557 151 312
154 557 150 312
154 559 149 312
162 558 163 304
219 539 230 312
169 551 186 310
161 558 150 307
156 556 149 307
155 558 149 307
160 557 149 308
160 557 150 308
155 557 152 310
159 557 152 311
155 557 152 313
160 561 151 311
162 559 148 309
163 563 148 311
161 564 145 309
162 566 145 308
161 566 145 308
162 563 145 308
161 565 146 309
161 565 144 308
164 565 145 309
161 563 147 310
161 563 147 311
161 562 149 313
162 563 149 313
161 561 143 310
157 562 134 307
163 563 131 307
162 562 127 306
162 561 122 303
161 562 122 304
162 562 122 305
160 562 121 304
158 563 121 304
159 561 120 303
158 561 120 303
158 563 118 301
158 563 116 299
157 562 116 298
153 561 116 298
152 561 114 299
156 561 114 299
155 560 113 297
154 561 113 297
157 561 113 298
156 561 110 296
156 562 109 295
156 559 109 293
156 563 109 294
157 561 109 293
157 563 109 293
156 563 109 293
155 563 109 293
155 560 111 293
151 556 113 294
152 561 116 294
156 557 131 298
154 558 122 297
152 557 123 297
147 559 123 299
153 559 124 299
148 560 124 299
152 558 124 299
151 560 122 299
152 559 122 299
151 558 123 298
153 559 124 298
150 557 128 300
152 559 132 302
151 557 136 304
146 553 140 307
151 550 146 310
150 550 148 312
139 548 149 313
146 549 149 312
149 547 150 313
151 548 151 315
148 548 151 315
147 548 151 315
149 548 152 315
151 548 152 316
150 549 155 320
141 548 159 322
140 550 164 325
146 547 170 327
140 548 175 332
143 547 177 332
146 548 177 331
145 551 176 331
141 550 178 331
142 548 179 332
144 548 179 332
147 546 180 334
143 547 181 334
150 549 182 335
150 546 184 336
155 549 188 338
154 543 189 339
157 542 190 339
158 545 191 339
160 549 187 339
158 546 190 340
159 545 192 340
161 544 193 340
159 543 191 340
162 546 197 339
247 537 248 338
177 545 209 339
162 546 189 339
162 544 191 340
164 544 193 341
163 544 195 342
164 544 195 343
166 551 193 339
168 549 190 337
169 555 184 334
170 556 181 333
171 560 180 331
165 556 179 330
171 556 182 333
167 556 181 333
167 555 176 327
167 558 174 324
168 558 169 321
166 557 174 327
167 558 172 325
