198 582 136 245
193 584 122 241
194 584 131 242
195 584 130 243
193 583 133 244
206 582 150 244
186 579 166 243
201 582 144 240
194 581 140 240
209 582 137 239
202 578 162 242
188 576 165 245
188 580 147 244
193 581 141 243
203 582 138 243
200 582 138 243
200 582 138 243
202 582 138 243
193 583 133 243
190 584 133 243
195 584 129 240
192 584 123 239
190 583 125 240
193 583 130 243
194 582 132 245
193 580 138 245
185 582 133 245
112 568 186 255
186 583 134 247
185 583 137 245
193 584 133 243
191 584 134 239
192 584 133 240
192 584 133 240
190 584 134 240
194 586 132 241
193 585 132 241
195 576 170 243
184 573 173 244
182 578 165 245
184 586 133 243
186 586 125 242
193 587 116 240
192 590 97 235
193 590 90 232
192 592 83 229
191 592 80 227
193 592 75 225
214 582 131 230
193 589 94 229
191 591 77 226
191 592 74 225
191 592 73 225
192 592 73 225
189 592 74 225
189 592 74 225
189 591 72 223
191 592 66 221
189 591 65 219
189 592 65 219
192 588 93 224
190 589 70 219
190 591 67 218
191 592 66 217
202 572 179 236
190 588 89 223
192 590 73 219
189 590 72 219
191 590 71 219
191 588 87 224
189 590 76 219
189 590 74 219
189 590 77 217
189 590 78 217
188 590 78 216
196 584 120 221
187 589 92 219
186 590 85 217
186 590 84 217
186 590 85 217
185 590 86 217
186 590 86 217
184 590 86 217
189 588 92 222
188 588 93 218
186 590 91 217
185 590 92 217
187 589 99 218
182 588 106 221
186 587 114 221
184 587 124 223
183 587 128 224
185 586 129 224
186 586 130 225
185 586 130 225
186 586 130 225
184 586 130 226
185 586 131 226
187 586 132 228
187 585 133 229
190 571 189 260
198 582 162 237
188 584 144 239
185 584 144 242
187 584 149 259
185 584 153 265
182 583 157 269
184 583 160 274
179 581 170 279
157 578 190 281
167 580 181 276
161 580 182 274
164 580 181 273
162 581 181 272
160 581 181 274
163 581 178 275
166 581 180 276
169 580 181 276
185 576 209 272
173 578 189 274
168 581 173 273
156 582 167 275
184 582 161 276
177 583 162 276
162 581 170 278
167 582 171 279
176 580 177 280
171 580 180 282
168 580 183 283
168 579 184 283
163 579 184 283
168 580 184 284
164 580 184 283
161 580 184 282
170 580 184 282
170 580 184 283
163 580 184 282
170 580 184 282
160 580 184 281
167 580 183 277
176 581 174 274
171 582 177 275
162 582 176 275
186 582 177 272
189 583 173 271
196 582 172 272
195 582 171 271
184 582 172 273
194 583 171 273
178 569 217 275
202 578 198 270
192 583 165 270
195 584 165 271
188 584 165 270
