85 556 102 283
90 557 150 292
87 559 101 282
87 560 101 281
85 557 101 279
84 554 100 278
85 555 100 279
89 556 101 278
84 559 104 280
87 555 125 283
84 549 106 279
87 553 103 277
83 554 101 277
79 556 101 277
83 552 101 277
76 554 100 276
80 556 97 277
81 555 96 276
80 556 97 275
78 554 98 275
117 559 199 288
119 556 185 285
84 553 105 275
80 554 102 274
80 554 100 273
81 554 99 272
78 554 98 272
82 555 98 272
82 554 98 271
84 554 97 271
79 554 97 270
80 555 95 270
81 555 94 269
82 555 92 269
83 556 90 268
81 556 90 268
78 556 89 267
82 557 91 267
110 560 153 277
85 557 126 273
81 556 95 267
81 558 93 266
76 557 91 265
82 554 79 260
82 553 73 256
80 552 66 254
79 552 61 253
76 553 54 251
76 552 53 250
79 553 53 250
79 554 52 251
78 553 52 249
76 553 52 249
76 553 50 249
74 553 50 249
73 553 50 250
72 552 51 251
71 553 52 251
74 553 49 250
73 553 46 250
77 553 45 250
73 552 43 249
100 558 100 265
73 552 54 252
76 552 43 250
75 553 42 249
73 554 42 249
73 552 42 249
71 552 43 249
75 551 41 248
72 552 41 248
73 554 41 249
71 551 41 248
76 552 41 248
73 552 42 249
73 553 45 249
71 553 50 249
70 552 51 249
66 546 53 250
76 552 60 255
66 554 53 250
34 551 52 249
72 552 69 255
114 552 164 271
77 549 73 254
73 549 65 253
72 550 56 250
73 549 62 252
72 548 60 251
73 550 60 251
70 550 64 253
69 550 71 255
68 549 77 256
66 549 81 257
68 549 85 259
68 548 84 258
69 550 85 258
68 550 85 259
67 550 84 258
69 548 85 258
65 549 84 257
68 548 87 258
68 550 95 263
64 550 116 268
61 550 113 267
72 550 127 267
70 550 126 269
68 551 125 271
68 551 124 270
69 550 124 270
69 549 122 270
65 551 120 271
68 551 120 271
67 550 122 271
67 551 122 271
63 551 125 272
65 549 125 272
53 550 129 273
64 550 135 276
68 551 137 276
82 551 140 275
83 552 145 275
81 553 145 275
75 551 144 275
75 552 143 275
78 550 144 275
78 551 143 276
73 551 142 276
73 551 141 275
80 550 141 275
81 550 138 273
81 550 135 271
81 551 131 269
79 551 125 264
86 551 128 262
86 553 130 265
86 552 130 265
86 552 130 264
85 552 131 264
86 553 129 264
85 551 130 265
84 552 130 264
84 551 130 265
84 551 131 264
