111 495 182 324
113 492 181 323
112 491 181 322
111 493 180 321
112 495 178 319
111 494 178 319
113 494 178 319
112 493 178 319
110 494 177 317
112 494 178 319
111 493 178 319
112 494 178 320
110 492 179 320
110 492 180 320
109 493 179 321
114 493 178 320
113 491 178 319
113 493 178 319
112 494 178 320
112 493 178 319
111 495 178 319
113 495 178 319
113 493 177 319
113 495 178 319
112 494 178 320
113 495 178 320
110 494 179 321
113 494 179 320
114 493 179 319
114 495 178 319
116 494 178 319
114 495 177 319
115 496 177 319
113 496 177 319
115 496 177 319
116 498 177 318
116 497 176 318
116 497 176 318
113 497 177 319
114 497 176 318
117 496 176 317
117 498 171 313
115 497 167 311
120 494 163 309
117 494 160 308
114 494 159 307
115 494 157 307
114 496 157 306
114 494 158 307
115 495 157 307
115 494 157 306
113 495 157 306
114 495 156 305
116 494 156 307
112 495 156 305
116 494 155 305
112 495 153 304
114 493 152 303
113 492 150 302
115 491 149 301
115 493 148 300
118 492 148 301
110 491 148 301
113 492 148 301
111 492 149 301
116 492 149 301
115 491 149 301
113 491 150 303
115 490 150 303
112 490 149 302
113 491 150 302
110 492 151 304
111 490 152 304
113 490 152 304
113 492 153 305
111 491 154 305
109 492 154 305
112 490 154 305
112 491 154 305
111 493 154 306
111 492 154 306
112 492 155 307
111 491 155 306
109 492 156 307
112 491 160 311
113 489 163 315
110 491 166 317
110 491 169 318
108 491 172 319
111 493 172 320
112 490 172 320
110 490 172 319
111 491 172 319
110 492 172 319
111 493 172 319
110 491 172 319
111 492 173 320
111 491 173 319
111 489 186 324
113 489 189 329
113 491 190 331
114 488 192 333
115 491 196 336
114 490 197 336
114 488 197 336
114 491 197 336
116 491 197 335
114 490 197 335
114 490 197 336
115 491 196 335
115 489 197 335
113 492 196 334
115 490 197 334
114 491 197 335
115 493 199 337
116 491 201 339
119 494 202 340
116 494 204 340
119 497 204 341
139 497 237 340
136 494 253 341
146 493 256 341
122 494 213 342
116 494 211 342
120 492 211 342
119 492 211 342
116 493 211 342
120 494 211 343
115 497 211 343
116 495 209 342
119 495 206 339
118 496 203 337
119 497 200 335
120 499 198 333
112 498 197 332
117 498 197 333
114 497 197 333
114 498 198 333
113 498 198 333
114 497 197 333
118 497 197 333
120 497 198 334
121 497 197 333
114 498 198 335
