58 566 155 319
62 570 159 321
59 563 157 323
57 562 158 324
58 564 158 325
56 564 158 325
56 567 157 325
56 563 157 326
55 567 157 325
57 567 156 324
56 564 156 325
53 562 157 326
53 567 156 326
51 567 156 326
53 565 155 325
53 565 157 326
56 565 157 325
55 565 157 327
54 563 157 327
54 568 156 326
55 566 156 326
51 568 156 327
53 564 156 327
53 571 155 325
52 567 155 326
51 568 155 327
53 566 156 327
55 565 155 325
55 566 156 325
55 563 156 325
55 566 157 325
58 567 158 324
57 566 157 323
56 568 156 323
57 566 154 322
57 566 154 321
56 565 156 322
57 566 154 322
56 566 156 322
60 566 155 320
56 566 155 322
56 566 156 322
59 563 150 317
59 570 141 313
57 574 133 311
46 569 123 310
40 574 116 308
44 568 119 310
46 564 120 310
44 567 120 309
46 564 120 311
73 567 150 311
50 570 136 309
64 567 156 321
69 568 143 310
53 568 137 311
59 564 136 315
58 563 134 317
56 568 130 316
59 567 129 314
72 563 148 311
61 573 129 310
50 573 122 309
50 570 117 307
50 576 120 309
108 560 200 307
99 568 182 307
47 569 116 311
47 570 116 311
43 568 112 311
44 569 111 311
43 569 111 311
41 566 114 312
41 571 116 313
42 567 119 314
40 574 122 316
45 570 125 316
42 574 126 320
48 578 136 321
57 572 146 324
47 573 133 322
48 575 132 320
47 573 131 320
45 572 130 319
42 575 130 319
46 571 129 317
42 573 129 318
33 574 139 325
40 572 144 327
102 567 204 332
64 568 171 333
58 564 171 334
59 565 169 335
57 563 168 334
94 583 198 330
58 565 166 332
52 567 165 333
55 566 165 333
54 568 164 334
50 566 164 334
58 565 170 335
63 565 179 335
69 563 184 335
72 565 192 339
80 564 209 342
82 564 208 343
79 567 204 341
78 567 202 341
75 567 202 341
80 566 202 342
77 566 201 342
76 567 201 341
77 566 201 342
79 567 201 341
81 565 204 341
81 567 205 342
84 564 208 343
85 559 211 346
88 564 218 346
93 562 221 346
91 563 219 346
92 563 219 345
93 561 219 345
90 563 220 346
90 563 220 348
92 563 219 344
93 562 221 345
92 563 219 345
92 561 219 345
89 561 216 344
87 562 210 339
82 557 208 340
85 564 204 337
86 567 201 335
83 565 200 335
84 567 201 336
84 565 200 336
82 563 200 338
83 565 200 337
82 567 200 338
82 566 198 336
81 566 197 336
81 565 198 336
82 563 198 336
