112 534 239 376
118 531 238 373
120 534 238 370
120 529 236 368
119 531 236 366
118 533 236 366
122 529 238 365
126 529 238 362
126 541 237 363
125 536 238 364
128 537 239 361
124 530 238 365
126 538 238 363
127 537 239 362
129 533 243 363
128 529 242 363
132 535 242 359
126 531 241 365
124 532 240 368
111 504 264 386
164 484 278 357
108 488 262 385
120 525 249 380
124 519 249 378
122 537 241 375
121 534 238 373
120 528 237 372
120 535 237 372
122 529 237 372
124 535 236 368
126 529 236 367
124 536 235 366
127 533 235 365
130 529 234 363
127 533 234 363
128 537 234 363
128 532 234 363
147 489 276 369
128 527 245 370
129 533 241 368
129 532 241 368
132 530 239 366
128 535 238 366
131 532 233 363
124 536 222 362
124 536 217 357
128 540 208 349
131 536 204 346
132 535 202 342
130 535 203 344
130 537 203 344
132 533 203 343
132 532 204 343
132 537 205 344
132 536 204 343
130 534 205 345
130 537 205 347
132 535 205 342
150 539 243 347
132 536 205 341
132 537 202 339
130 536 200 339
130 524 199 339
132 525 198 333
129 536 199 337
129 525 199 337
133 536 198 337
128 536 198 339
134 525 198 337
132 525 199 337
130 532 199 337
132 523 199 337
130 536 199 338
129 530 201 339
127 540 202 340
152 518 262 348
124 540 222 355
129 527 215 347
129 525 213 346
127 537 211 348
128 540 211 348
128 539 211 347
129 539 211 345
125 540 211 348
125 535 211 348
126 540 211 350
123 534 210 351
127 528 210 348
125 538 211 349
124 527 211 350
124 526 221 356
119 525 222 361
112 504 226 370
109 510 232 377
116 516 237 374
109 516 236 381
115 523 236 380
108 527 237 383
110 505 237 381
110 515 238 382
116 509 239 381
115 508 239 380
115 527 239 380
104 515 240 384
104 519 241 383
109 524 240 382
109 517 240 383
109 525 240 383
107 514 241 383
110 514 241 381
111 536 246 385
113 520 252 383
117 527 258 386
120 523 264 385
105 500 271 385
107 505 274 387
105 503 275 389
105 506 275 390
108 508 276 391
106 499 276 392
109 506 275 393
113 507 276 388
109 511 276 393
109 509 277 390
110 512 275 390
111 510 279 391
111 504 281 391
112 509 282 390
112 507 284 395
114 509 286 394
115 504 288 395
116 507 286 393
120 506 288 389
119 506 288 390
120 508 289 389
118 507 289 392
120 511 289 389
121 505 289 391
132 506 290 387
127 506 290 391
135 500 289 387
154 508 285 377
150 509 284 375
154 509 283 375
153 512 280 375
120 508 275 385
136 512 274 380
135 512 274 376
119 511 272 387
117 519 272 387
115 516 272 387
114 516 271 389
116 512 272 388
114 517 271 387
111 517 269 391
117 519 270 387
111 522 269 390
