121 585 90 221
0 640 0 400
106 576 118 234
111 577 104 226
110 580 87 223
119 582 88 221
115 581 85 221
114 582 77 220
112 582 77 221
111 582 76 220
115 582 75 219
114 583 76 219
101 583 77 225
115 583 78 220
110 581 80 221
109 581 79 223
99 582 79 225
103 583 78 224
109 583 77 221
115 582 77 220
110 584 77 220
109 583 77 221
105 581 80 223
103 583 79 225
111 585 80 222
104 583 82 223
117 584 83 220
120 585 83 218
118 586 84 218
118 586 85 219
123 586 83 216
120 587 83 216
123 587 84 216
121 586 82 217
120 587 82 216
117 589 81 216
118 589 80 216
124 587 80 215
116 587 80 216
120 587 80 216
77 562 146 253
115 587 70 214
118 585 41 207
115 583 31 204
115 583 26 203
113 581 24 202
118 581 21 201
119 580 89 212
117 581 21 200
115 580 16 199
117 580 16 199
119 580 16 199
118 580 16 199
118 581 16 199
118 580 16 199
117 579 13 198
110 579 9 197
113 579 7 196
113 576 5 195
116 576 3 194
111 577 3 195
122 579 56 203
114 577 14 198
111 578 8 197
114 578 8 196
120 580 93 210
113 578 10 197
113 578 8 196
112 579 4 196
108 579 6 197
107 576 12 199
115 574 16 199
113 577 27 202
113 577 30 204
111 578 32 205
102 576 33 207
104 577 33 207
76 579 35 213
103 578 35 208
79 575 34 212
130 570 80 211
115 578 87 211
113 576 56 211
105 576 33 207
106 577 33 207
104 577 35 207
106 580 54 213
111 580 68 217
105 581 74 220
115 581 81 219
113 580 91 222
106 580 100 225
119 578 99 222
105 578 99 224
112 577 99 223
0 640 0 400
113 576 98 225
108 579 86 223
151 566 167 230
114 576 98 225
114 578 97 224
121 579 114 227
128 576 123 229
99 573 134 241
97 572 150 250
107 569 156 247
107 569 157 245
108 572 157 247
106 570 156 246
108 569 154 245
105 572 153 243
116 569 154 242
75 563 177 270
104 569 159 248
104 571 140 246
92 572 152 252
96 571 149 249
95 571 148 250
84 574 151 255
82 574 154 258
76 572 156 262
79 572 157 262
70 574 158 265
70 573 160 265
67 573 160 265
64 573 161 267
65 574 162 267
64 572 162 267
62 573 162 267
74 569 157 262
97 573 139 248
98 576 129 242
109 579 126 232
103 580 120 234
100 582 114 230
105 581 117 231
104 581 116 230
102 583 116 231
102 581 116 232
100 581 118 233
103 582 118 232
102 580 118 233
109 581 120 233
103 580 121 235
