9 516 146 302
9 517 146 302
8 519 146 304
9 518 145 301
8 517 146 305
9 517 145 303
8 517 145 305
9 519 144 302
8 518 145 304
10 518 142 303
10 520 141 301
9 518 138 301
9 519 138 301
9 518 139 300
8 517 140 304
8 517 139 303
6 516 142 307
5 517 143 308
6 516 139 305
8 516 139 305
8 516 141 305
96 519 241 309
82 517 236 311
6 516 157 310
8 517 149 305
8 518 147 302
9 518 147 302
10 517 144 300
11 518 141 301
12 517 138 297
10 516 136 296
8 516 134 295
8 517 132 293
10 517 130 292
8 515 128 291
9 516 128 291
0 640 0 400
8 517 140 297
10 517 136 293
10 517 135 296
11 516 131 290
10 517 129 292
11 517 127 287
11 516 124 286
11 517 114 284
9 515 108 283
8 515 100 280
8 514 95 276
9 513 90 273
6 514 89 275
35 517 163 279
37 515 167 278
8 515 97 274
7 514 94 273
7 514 92 272
7 514 91 272
6 514 91 274
7 514 90 273
8 514 89 273
6 514 88 274
8 515 84 273
7 514 82 274
8 514 80 271
8 513 77 272
6 513 76 272
6 513 75 272
6 513 75 272
7 514 74 271
7 514 74 270
7 514 73 271
5 514 74 272
5 514 74 273
7 514 76 273
8 513 80 273
7 513 84 276
7 514 86 276
8 514 87 278
39 517 192 284
13 522 158 292
10 517 112 286
9 514 97 283
9 514 96 282
10 514 95 282
9 513 94 283
10 514 94 282
11 514 94 282
10 513 96 283
10 515 107 284
10 515 117 291
11 516 123 294
8 515 132 297
9 514 134 297
8 515 134 300
8 514 133 299
6 514 134 300
8 514 133 301
8 513 133 302
8 513 133 302
8 513 135 304
7 513 132 302
7 512 134 305
8 514 147 310
8 516 157 311
6 517 163 310
7 518 173 314
8 517 184 317
5 518 186 317
6 518 186 317
5 518 186 317
5 518 188 318
5 518 189 318
5 519 189 319
5 518 189 319
5 519 188 318
6 517 189 320
5 518 188 320
4 519 190 320
4 518 192 321
7 517 196 323
4 517 198 325
3 518 201 326
5 519 202 326
6 518 202 326
6 518 203 328
6 518 203 328
12 521 204 329
9 522 204 328
12 520 205 328
120 519 265 333
30 523 219 327
26 521 209 322
18 520 201 320
12 520 194 317
10 517 191 314
8 520 187 313
10 519 185 311
9 519 185 311
9 519 186 312
7 519 186 313
8 520 186 313
6 519 186 313
8 520 186 313
8 519 186 313
9 519 186 313
