139 553 117 272
135 557 122 274
134 551 118 271
136 551 131 280
135 555 130 278
128 550 132 279
130 556 132 277
138 557 133 277
136 556 136 277
140 556 138 279
140 558 139 278
140 556 141 278
149 568 188 279
143 564 163 281
142 563 143 279
141 560 141 277
138 557 141 277
139 558 140 277
137 558 139 277
140 555 139 276
138 553 140 277
141 557 142 279
142 559 144 280
143 556 144 280
142 560 144 279
140 560 144 279
143 562 144 278
143 555 144 279
140 559 143 278
142 559 142 277
141 559 142 277
139 559 142 277
141 558 141 277
143 560 140 277
141 558 140 277
143 556 140 277
143 556 140 277
143 559 140 277
142 556 140 277
141 556 140 277
142 557 139 277
143 557 138 277
140 555 138 276
141 559 133 272
140 554 128 269
142 551 124 267
141 556 121 265
138 554 117 262
138 552 117 263
130 552 116 262
135 551 116 261
138 553 117 262
136 550 118 263
138 550 118 263
139 556 119 263
139 553 118 263
140 552 117 263
138 551 117 261
140 557 116 261
120 549 114 262
136 551 113 261
137 546 113 259
137 548 112 259
136 549 112 259
133 547 112 259
138 550 112 259
136 548 112 259
136 549 112 259
127 547 113 261
137 544 114 261
137 556 116 264
135 551 118 264
138 553 120 266
136 559 122 266
137 557 124 267
139 559 124 266
138 551 124 266
136 555 123 267
136 557 123 267
138 553 123 266
138 553 124 266
139 552 123 266
137 557 124 267
138 556 125 267
138 555 128 269
134 558 131 272
134 560 134 274
133 552 136 275
136 556 140 278
139 551 146 284
145 548 161 295
146 553 180 310
144 551 181 310
134 555 176 307
128 549 175 306
137 550 176 305
140 555 180 309
139 556 182 311
134 558 185 316
134 558 187 318
132 556 187 317
131 554 192 321
0 640 0 400
134 554 217 323
140 557 201 320
140 556 201 321
140 557 202 321
133 557 197 321
133 557 201 320
140 557 202 321
136 557 202 321
138 556 203 321
135 556 203 321
122 559 207 322
128 557 210 323
137 557 214 325
135 558 216 325
140 558 217 325
136 558 218 326
139 559 218 325
138 558 219 325
129 558 218 326
138 558 219 326
138 558 217 325
137 558 218 325
138 559 220 325
137 558 220 326
136 559 221 326
138 559 224 326
140 558 222 324
142 558 220 323
142 559 219 321
147 558 213 317
143 559 212 316
145 559 209 313
138 560 210 314
142 559 209 314
144 560 208 314
133 560 208 313
134 560 208 314
147 560 206 313
131 560 205 314
147 560 204 313
143 560 204 316
144 560 205 316
