50 565 145 329
49 572 142 327
49 569 142 327
51 566 147 327
56 566 154 329
52 567 154 330
54 568 154 329
56 567 155 328
54 565 154 329
52 565 153 327
52 566 152 329
52 567 154 330
61 566 165 331
60 567 165 331
114 478 221 324
62 559 166 331
60 559 162 327
65 561 165 327
63 562 163 326
60 563 161 325
58 563 162 326
59 562 161 325
60 564 161 325
59 562 162 325
60 561 164 326
57 563 161 325
60 562 164 326
60 562 161 326
60 567 160 324
61 564 162 327
59 565 160 327
58 568 160 326
58 569 158 326
57 568 158 326
57 569 157 326
55 568 156 326
56 569 156 326
57 569 156 325
56 569 156 326
53 569 154 323
53 567 141 318
46 571 127 314
134 509 218 312
57 572 131 312
51 569 121 311
48 570 120 309
45 570 122 312
46 569 120 312
116 518 218 315
45 567 149 310
44 569 142 309
58 570 130 310
55 570 128 310
54 573 126 311
51 570 125 311
51 573 122 310
44 574 118 311
49 577 116 309
47 571 113 311
41 577 112 311
46 574 112 310
43 576 111 311
108 569 195 314
75 571 142 307
44 575 112 309
43 573 111 311
41 570 111 311
46 569 112 311
43 570 112 311
42 572 112 311
43 571 111 311
42 570 113 312
44 573 116 313
44 571 118 314
41 575 121 316
41 572 126 318
48 575 129 317
47 576 127 318
46 576 127 318
45 576 126 318
46 572 126 317
48 574 128 318
46 569 127 319
40 574 127 318
44 572 126 318
46 574 133 325
47 575 138 326
39 573 142 329
37 574 149 333
34 571 155 333
53 568 158 334
53 572 158 334
51 570 157 334
46 571 156 334
47 572 156 333
44 573 155 334
35 573 154 334
46 573 154 334
36 572 154 334
49 573 157 334
59 563 168 334
74 562 192 337
72 565 192 338
74 566 193 339
72 566 195 341
73 567 195 341
74 566 195 339
71 567 195 338
73 565 195 340
75 568 197 340
74 567 197 341
73 569 197 341
0 640 0 400
88 563 209 342
81 565 203 341
82 561 207 342
84 559 210 343
87 560 213 342
87 556 216 344
90 559 219 344
89 558 217 343
80 561 218 344
86 558 218 344
90 558 218 345
86 559 217 343
88 558 215 342
83 555 217 344
89 554 215 343
86 558 215 342
87 561 214 339
85 559 207 337
86 559 205 337
86 561 203 335
88 566 199 333
88 567 201 333
88 564 201 333
86 563 200 332
89 565 200 332
85 564 201 334
86 564 201 334
83 565 201 334
82 564 199 333
90 565 200 332
87 564 200 333
87 564 201 332
