23 484 159 307
25 488 156 306
26 487 167 311
22 488 174 313
13 489 180 316
12 492 182 316
15 489 184 317
17 491 185 316
51 494 218 316
37 497 209 313
10 490 181 311
11 490 181 311
14 490 181 313
0 640 0 400
20 489 188 315
15 489 186 314
24 488 187 315
18 487 186 313
12 487 182 309
14 485 182 309
14 486 184 310
17 480 184 310
11 489 184 311
15 488 185 310
22 486 186 310
16 489 186 311
17 487 186 310
19 489 186 310
11 491 183 311
12 489 180 309
10 489 180 310
19 489 181 307
10 492 179 308
10 489 178 309
10 491 178 309
10 491 178 310
9 491 178 310
11 492 178 308
9 491 177 308
10 492 177 308
9 492 177 309
8 489 177 309
14 488 168 305
20 484 155 301
26 486 149 298
27 487 145 296
14 494 154 303
9 495 174 325
37 498 181 332
28 497 182 332
37 497 182 333
34 495 183 332
30 494 184 333
26 496 189 336
26 497 189 336
29 496 189 335
26 499 190 335
26 499 187 334
28 498 186 335
26 498 186 333
27 499 185 334
38 496 181 331
29 496 182 331
31 494 182 329
27 492 182 329
26 491 181 328
32 492 182 328
21 493 181 329
29 495 181 330
19 495 180 328
28 495 176 329
17 493 168 326
23 489 167 321
22 491 172 325
27 490 175 322
30 492 178 323
35 495 179 325
29 493 179 325
18 491 179 323
23 492 179 325
27 494 179 325
18 490 178 321
10 492 178 322
23 494 177 324
23 492 177 321
22 496 178 325
26 492 179 324
25 492 184 325
30 493 189 326
26 492 193 326
25 494 199 329
31 493 204 330
35 492 204 329
38 493 206 329
37 491 208 329
38 493 209 330
34 491 209 329
39 490 209 329
39 491 210 330
36 492 210 330
39 491 210 328
36 492 214 331
52 490 219 330
45 491 226 334
38 491 230 334
42 493 236 337
42 492 237 336
44 492 237 336
42 492 238 336
42 493 237 336
47 492 240 336
46 494 241 337
49 492 241 336
47 490 241 336
48 490 241 335
48 492 242 336
50 489 242 335
46 493 242 337
44 493 243 337
47 492 243 337
45 492 245 337
58 492 247 337
52 492 251 339
53 492 253 338
70 493 253 338
62 493 253 338
57 493 253 337
60 493 254 337
57 492 255 337
71 492 256 337
69 495 258 337
73 494 257 337
56 491 238 332
31 493 219 332
37 493 224 332
37 494 224 331
41 491 226 332
43 492 230 333
47 495 230 333
45 492 232 333
43 493 232 333
46 494 232 333
49 492 233 333
46 491 233 333
48 493 232 333
49 492 230 332
