224 578 192 307
221 578 193 309
224 576 201 312
217 576 205 319
218 576 205 318
220 576 206 318
218 576 206 318
217 576 206 319
216 576 206 319
216 576 206 319
216 576 205 319
214 576 203 318
214 576 204 319
212 576 206 321
213 576 204 320
212 576 204 320
212 576 204 321
211 576 205 321
210 576 204 321
211 576 203 321
209 576 203 321
208 577 203 321
210 577 203 321
209 576 203 321
236 569 254 327
214 575 219 325
211 576 209 324
0 640 0 400
214 574 222 326
210 576 207 323
206 578 199 320
203 578 195 320
203 580 193 319
203 580 192 320
204 580 194 321
204 580 195 321
204 580 194 320
202 580 194 320
202 580 191 319
202 581 192 319
201 580 191 319
202 580 192 320
202 581 190 319
202 580 191 319
202 581 191 320
203 581 185 315
201 582 178 313
203 584 168 307
201 585 162 303
200 586 155 302
200 586 156 301
200 586 156 302
201 586 156 302
200 586 155 302
199 586 156 303
198 586 156 303
197 586 157 304
197 586 156 304
196 586 156 304
197 586 156 303
199 585 154 302
198 585 153 302
197 584 150 302
198 584 150 302
198 584 146 302
226 575 201 305
208 582 162 303
221 576 187 306
244 566 245 313
207 581 164 303
203 585 150 300
200 585 149 302
223 576 194 305
211 582 170 303
202 583 157 301
200 583 158 305
200 583 157 301
201 584 155 300
204 584 157 297
201 584 159 302
200 584 160 301
204 584 161 301
204 582 168 303
204 581 169 304
204 580 170 304
204 581 168 303
203 581 167 304
204 581 167 303
201 581 171 310
201 580 174 311
201 581 180 316
199 581 183 317
199 580 188 323
200 580 189 323
200 580 189 323
201 580 190 324
200 579 194 327
200 579 194 326
199 578 197 328
199 579 194 326
200 580 190 324
197 578 197 330
198 578 194 328
195 578 203 335
198 578 200 333
196 577 204 336
198 576 215 345
202 575 223 349
201 574 233 355
200 572 235 356
200 573 235 356
199 572 235 357
198 573 236 355
199 572 236 355
197 572 236 355
199 572 236 359
200 571 236 360
197 574 230 357
199 574 223 355
197 574 232 367
197 575 222 359
196 573 227 365
198 575 233 373
200 576 237 373
202 575 238 369
203 575 241 370
203 576 236 364
201 575 238 366
201 572 248 368
206 572 246 365
207 572 247 366
204 573 248 368
207 573 245 365
210 573 243 365
211 575 237 359
211 575 237 360
216 576 232 354
217 576 230 353
216 576 232 353
217 576 232 353
216 576 231 353
214 576 231 353
215 576 231 353
213 576 231 355
214 576 231 355
211 576 232 357
