173 533 194 341
172 531 194 341
173 532 193 340
173 527 197 345
175 529 198 345
175 527 196 345
174 530 195 345
173 527 194 344
172 531 193 343
172 533 194 344
175 527 195 344
174 526 195 343
174 529 195 343
176 529 195 344
172 531 196 345
176 532 197 345
176 528 197 345
174 531 196 345
174 534 196 343
188 533 228 348
183 528 213 346
180 528 205 346
183 529 202 346
177 534 201 345
182 532 199 345
183 530 198 345
183 528 198 345
174 532 198 344
178 535 198 342
178 538 197 341
174 541 198 341
177 535 198 341
176 530 198 341
175 528 197 341
175 532 195 341
188 532 230 340
186 522 220 340
181 529 201 341
175 535 197 340
176 534 197 339
177 529 196 340
175 540 194 340
176 544 193 339
173 540 184 332
170 546 173 329
174 550 167 326
168 550 164 324
169 549 161 321
167 549 160 321
166 550 160 320
172 550 158 320
167 552 157 319
165 550 157 320
168 550 157 320
0 640 0 400
182 542 196 325
170 542 162 321
169 547 160 321
169 549 157 317
168 548 154 316
168 547 153 315
167 545 150 314
164 542 149 314
167 542 149 313
167 544 148 313
165 542 147 312
164 541 146 312
154 541 143 311
156 539 144 310
165 542 144 310
162 543 144 311
165 539 149 316
196 514 237 339
172 530 161 322
168 537 159 322
168 534 156 323
166 533 154 321
167 533 154 320
166 531 155 322
168 533 154 321
165 533 152 319
164 533 151 319
167 534 152 319
168 536 153 320
164 535 152 320
165 533 153 320
163 533 154 321
185 521 208 335
177 523 204 340
173 521 194 342
168 530 191 345
169 536 190 347
169 531 182 345
168 525 180 345
169 534 179 344
168 528 175 343
165 528 174 343
167 529 173 342
164 523 173 342
192 519 235 355
186 524 234 361
175 514 227 362
175 515 223 364
173 513 225 367
172 516 228 371
176 516 225 368
171 516 222 367
166 525 194 363
164 531 195 365
165 533 197 365
165 530 197 365
164 526 200 365
164 520 201 365
169 521 204 363
169 524 206 367
206 501 293 369
178 528 231 371
174 527 225 371
235 502 321 375
173 530 218 371
170 532 218 373
165 529 217 374
170 529 218 373
168 526 219 373
165 529 219 373
174 530 218 372
166 530 189 364
167 526 192 368
167 523 198 368
221 512 297 368
186 514 251 370
183 526 236 366
189 516 269 362
169 536 207 361
169 537 203 358
167 537 206 361
167 536 209 362
168 536 208 361
168 535 208 361
168 538 207 360
171 536 197 359
168 539 197 358
171 542 198 358
167 536 202 361
168 534 212 362
171 529 218 363
