55 434 200 344
216 376 50 108
213 373 50 107
51 435 202 341
52 435 200 344
52 435 200 344
52 434 201 344
53 435 202 345
48 434 201 345
52 434 201 344
52 435 201 344
50 434 201 345
50 434 202 345
49 434 202 345
42 435 201 345
47 433 202 345
52 435 202 345
50 433 201 345
52 434 201 345
64 433 251 343
54 434 201 344
51 434 202 345
43 434 201 345
53 434 201 345
50 434 201 345
50 434 201 344
61 436 210 340
42 434 207 343
53 435 199 343
50 435 200 344
53 435 200 344
54 434 199 344
53 433 198 344
57 435 199 345
54 435 200 345
52 434 200 345
52 433 200 345
51 434 201 346
50 434 202 345
64 433 243 345
38 433 207 345
50 433 202 346
51 433 202 346
46 433 202 345
55 435 189 338
50 435 186 337
52 436 181 333
57 436 177 333
52 437 175 332
49 437 174 331
57 435 175 331
52 435 176 333
47 434 174 331
59 434 174 331
53 436 175 331
52 434 175 332
46 434 175 332
53 434 176 331
55 434 175 331
53 436 172 329
50 436 170 328
51 434 169 327
55 434 168 327
60 435 168 327
56 436 168 328
52 434 167 327
53 434 168 328
55 433 167 328
52 435 167 328
54 436 168 329
54 437 168 328
55 436 168 329
54 436 168 328
56 436 168 328
83 434 254 326
52 436 178 330
54 435 176 332
52 436 177 330
52 436 178 332
49 435 178 331
51 435 178 331
50 436 178 333
53 435 177 332
52 435 178 332
51 436 178 332
51 435 178 332
52 437 178 331
53 436 178 332
51 436 178 331
50 436 180 333
48 434 188 339
81 435 241 335
50 435 202 341
48 433 198 345
50 435 201 348
45 433 198 345
46 435 199 346
47 434 199 345
53 435 230 339
49 433 202 344
49 434 202 344
48 433 200 345
37 434 201 345
50 433 204 346
58 431 250 354
52 433 216 357
50 434 217 360
48 433 219 363
43 433 224 366
47 433 225 365
55 434 225 365
48 433 225 365
116 400 304 365
43 434 231 365
40 433 228 365
40 432 230 365
48 433 230 365
41 431 231 365
52 431 234 367
46 433 233 368
54 432 237 367
60 432 238 368
59 433 238 369
57 433 238 369
49 432 238 369
58 433 250 369
62 432 261 370
62 433 253 367
54 433 242 368
52 432 243 369
49 432 242 370
54 433 242 370
54 432 242 370
51 431 236 365
53 433 232 364
55 432 230 363
55 433 230 363
52 432 227 361
42 431 225 360
129 401 310 362
51 433 229 359
52 432 228 359
55 432 229 360
49 432 212 340
41 433 221 356
49 432 219 358
49 432 224 361
