128 588 179 325
128 587 179 324
133 591 165 320
133 592 147 315
130 593 147 316
131 593 148 314
132 592 147 314
131 592 147 313
132 592 147 313
130 592 146 313
132 592 149 312
131 592 148 310
132 592 147 307
133 592 149 305
132 593 149 306
132 592 150 306
132 592 149 306
130 593 149 304
132 592 150 305
133 592 150 305
134 592 150 303
134 592 150 303
132 592 150 303
136 592 150 302
132 592 150 303
134 592 150 303
131 592 150 302
133 592 150 302
131 592 150 304
135 593 149 303
133 592 149 305
134 592 148 305
132 591 150 308
132 592 149 307
131 592 148 312
130 592 147 309
132 592 147 309
131 592 147 309
130 592 148 310
128 592 146 310
126 592 146 311
127 592 146 310
130 592 146 308
128 592 146 311
130 592 145 309
126 593 137 308
128 593 131 305
130 594 126 302
127 594 122 302
128 594 117 301
126 594 116 301
126 594 115 301
128 595 114 301
128 595 114 300
128 595 114 300
131 595 114 299
130 595 114 299
129 594 115 300
130 594 115 299
130 595 114 299
131 595 112 297
131 594 111 297
133 594 110 294
136 595 109 292
133 593 108 294
137 595 106 289
136 595 106 289
134 594 106 290
132 594 106 292
134 594 105 289
133 595 104 290
134 595 105 290
133 595 105 290
131 594 105 292
134 595 107 291
132 595 109 293
134 594 112 291
133 595 113 293
131 595 115 298
132 595 115 295
131 594 114 297
131 594 114 298
130 594 114 298
129 594 114 299
130 594 113 299
130 594 113 299
130 594 113 299
129 594 113 301
129 593 113 301
130 594 116 303
128 594 119 305
128 595 124 307
129 594 128 310
130 594 133 310
130 594 136 313
130 594 137 313
128 594 139 314
128 594 138 314
128 594 139 314
130 593 150 317
130 593 146 315
136 593 162 317
130 593 150 315
131 593 152 317
131 593 157 317
130 592 161 319
132 592 166 322
132 592 171 323
133 592 173 323
133 591 176 324
132 591 177 324
132 592 177 324
134 591 177 323
132 591 179 324
134 591 180 324
132 591 181 324
135 591 181 324
135 591 183 325
134 589 184 325
131 590 188 325
130 589 190 326
136 586 193 327
139 585 194 325
138 586 194 325
139 587 196 326
139 586 197 328
139 586 197 329
140 586 198 330
139 586 197 329
138 586 197 330
140 586 198 331
139 587 197 329
139 587 198 329
140 587 194 327
140 587 192 327
136 587 189 325
135 588 186 325
134 588 186 325
133 588 186 326
132 588 186 326
132 588 186 326
132 588 186 326
134 588 186 326
132 588 186 326
133 588 186 325
133 589 186 325
132 588 186 326
