107 582 124 273
108 581 124 274
105 582 122 273
104 582 121 271
103 582 120 271
102 583 116 272
102 582 116 273
104 583 118 274
119 580 158 279
107 583 124 276
107 583 121 275
107 583 119 275
105 584 119 275
116 580 156 279
107 583 125 276
105 583 122 276
104 584 121 275
103 583 120 275
103 583 120 275
104 583 117 273
104 584 117 274
103 584 117 274
103 583 117 273
102 583 117 273
103 584 117 274
102 584 119 274
105 584 121 275
103 583 121 277
104 583 119 275
104 585 116 273
104 584 113 272
103 585 111 270
103 584 110 269
103 586 109 269
105 585 110 269
101 585 109 269
100 585 108 267
98 585 107 267
180 579 180 269
135 580 178 264
106 585 112 266
105 585 108 265
103 585 104 265
98 585 89 260
99 582 78 257
105 582 89 254
99 585 65 251
102 585 59 249
101 586 59 249
101 585 59 249
101 585 59 249
0 640 0 400
162 577 187 259
100 583 72 251
99 582 70 251
100 583 66 251
99 583 64 251
99 585 63 251
100 585 62 250
100 585 57 248
100 585 56 248
101 581 73 252
102 582 57 248
100 581 55 248
102 582 55 248
101 583 57 249
101 583 56 248
100 585 57 249
0 640 0 400
101 586 65 251
102 584 61 250
100 583 61 250
101 584 60 250
101 584 61 250
100 584 64 252
98 584 66 253
99 584 69 255
97 585 73 256
99 585 75 257
98 585 74 257
98 583 74 257
98 583 74 257
97 585 74 257
95 585 73 256
96 584 74 257
96 586 75 257
97 585 76 258
99 585 78 260
95 586 83 263
96 585 90 267
93 585 95 269
90 585 98 271
95 585 104 274
93 586 106 274
93 585 108 275
94 585 109 275
94 585 112 276
96 585 114 276
94 585 112 275
95 585 112 275
95 585 112 275
97 585 112 275
94 585 113 276
96 585 120 281
98 586 128 283
105 584 140 289
104 584 147 290
105 582 151 292
103 583 153 292
104 582 154 294
106 582 158 297
107 582 158 295
107 582 157 294
105 582 158 294
106 582 158 295
108 582 161 293
110 582 164 293
111 582 165 293
110 582 166 293
129 578 201 293
118 580 172 293
124 577 186 303
142 570 214 316
143 570 217 315
176 559 247 315
223 520 292 327
0 640 0 400
178 539 266 327
182 546 263 324
179 553 263 327
176 554 258 325
176 555 257 324
171 555 250 321
173 558 243 319
176 557 247 319
170 558 236 319
184 555 248 317
223 537 276 314
149 563 214 312
135 565 211 315
140 565 209 309
138 565 209 311
139 565 209 311
139 565 209 311
141 564 209 311
143 565 211 311
143 566 210 311
