162 552 169 327
160 550 168 327
162 552 166 324
163 549 167 325
166 548 188 339
166 546 187 339
164 546 188 339
165 547 189 340
165 543 190 341
162 545 190 341
165 545 191 341
165 547 190 341
164 547 190 341
164 547 190 341
163 547 192 341
165 545 195 339
163 544 195 339
162 542 196 339
163 543 196 341
165 545 196 341
164 544 195 341
165 545 195 341
165 545 194 341
164 545 194 342
165 546 195 342
164 547 195 343
165 545 196 343
163 547 196 345
165 543 196 343
163 545 189 341
165 538 192 347
163 537 192 345
163 539 193 344
164 534 195 345
0 640 0 400
166 533 196 341
165 533 190 343
162 535 192 345
164 533 192 345
163 533 192 345
164 531 192 346
164 534 192 346
163 535 193 347
163 538 185 341
160 543 164 333
158 544 157 327
156 549 153 325
154 545 151 323
155 542 150 322
155 539 151 323
156 541 150 323
158 539 151 323
154 540 151 323
157 545 152 324
156 545 153 324
155 543 153 324
157 542 152 325
156 541 153 325
156 542 153 325
158 545 153 324
155 544 152 324
159 540 151 323
156 551 142 317
156 549 141 315
157 550 140 315
156 550 139 314
156 554 139 314
158 550 140 315
158 550 140 314
155 548 140 315
158 550 141 314
157 551 141 315
155 551 140 314
154 548 139 313
146 551 138 311
176 551 198 324
160 550 162 324
162 537 157 324
160 534 157 325
160 545 161 325
158 542 157 324
161 546 158 325
162 542 158 324
161 546 157 324
160 545 157 323
161 547 157 323
160 545 157 323
158 545 157 323
160 549 157 323
159 545 157 324
161 551 169 329
162 547 176 336
160 544 180 340
159 544 186 345
162 547 191 349
158 543 194 351
161 544 193 351
160 544 193 351
157 536 193 351
158 546 192 351
160 546 192 351
158 547 192 351
161 548 191 350
159 547 190 350
160 547 191 350
159 543 192 351
163 531 211 362
163 519 218 365
163 516 224 369
164 507 228 372
165 511 232 374
161 517 233 373
163 513 231 373
166 507 232 373
166 508 229 372
166 510 231 373
166 512 232 373
165 512 232 373
164 517 233 373
164 523 234 375
168 529 242 377
167 528 246 378
167 529 248 379
168 522 249 380
169 526 250 379
168 529 250 379
169 529 251 380
168 531 251 380
169 525 250 380
169 532 251 379
169 524 250 379
168 531 250 379
168 530 251 379
170 526 251 379
166 525 242 373
169 522 235 369
167 533 236 367
167 513 234 365
168 526 231 363
168 529 232 363
166 528 232 363
166 527 231 363
169 525 231 363
167 528 232 364
171 525 231 364
168 520 231 364
167 530 232 365
167 529 231 364
169 526 230 364
