107 551 178 299
104 555 176 300
104 555 168 295
100 554 174 297
102 556 175 297
102 555 180 297
100 556 179 298
100 558 179 298
100 557 180 298
102 558 179 298
102 556 180 297
104 554 180 297
105 553 180 297
108 555 182 299
104 556 182 299
105 554 181 299
103 555 180 298
104 556 181 299
105 553 181 297
102 554 181 298
103 555 180 298
104 554 181 297
101 553 180 297
104 555 180 297
101 555 180 297
104 553 182 298
104 555 182 298
104 555 182 298
109 556 182 298
110 556 187 303
108 555 186 305
109 550 187 309
110 548 191 311
113 550 189 310
111 552 187 309
112 552 187 310
110 551 188 309
111 552 187 309
110 552 187 309
110 549 187 307
110 550 187 309
109 549 187 306
109 552 185 305
110 549 171 298
108 550 166 298
104 549 161 296
104 549 155 295
106 550 149 294
106 549 152 295
107 549 160 303
105 553 155 302
105 549 154 301
106 549 154 301
106 550 154 302
105 547 153 298
104 549 150 296
103 550 146 294
103 551 144 292
103 547 141 289
101 551 138 289
101 549 137 289
100 550 136 289
102 551 134 288
101 552 133 287
102 551 133 287
101 551 132 286
115 548 172 286
106 550 154 286
101 553 131 285
100 554 129 285
99 554 130 285
100 553 131 285
100 555 134 287
100 554 136 286
100 554 140 287
99 554 144 287
100 554 144 286
100 555 142 286
100 554 142 286
98 554 144 286
100 555 145 286
100 554 145 286
100 554 145 287
99 553 146 286
99 555 148 287
96 554 150 286
97 554 157 288
98 554 158 287
94 553 165 290
96 554 168 290
94 554 171 290
97 554 174 291
97 555 177 293
96 555 178 293
100 555 179 293
100 555 180 294
100 555 180 294
99 555 180 294
103 555 181 294
101 556 183 295
104 555 183 293
100 555 181 291
104 557 189 295
109 558 194 298
113 556 204 303
114 556 207 303
114 556 214 304
115 555 217 303
115 556 218 303
116 556 218 303
116 555 218 302
117 555 218 301
112 556 219 303
107 556 220 303
105 556 219 301
111 554 224 302
107 556 226 304
115 556 230 308
120 555 231 306
124 554 237 312
126 552 239 311
126 552 240 310
125 553 238 310
126 554 236 308
128 555 237 308
127 551 243 314
128 553 240 311
129 553 240 310
129 555 239 310
128 556 237 309
128 555 239 311
136 551 235 309
129 553 232 309
129 554 229 308
132 553 227 307
131 554 226 307
133 555 226 307
129 552 226 307
130 554 226 307
128 553 226 307
130 553 226 308
132 554 226 307
130 554 226 307
131 554 225 307
127 554 225 307
128 553 222 307
126 555 221 308
