118 578 162 327
115 579 155 327
107 578 148 326
101 576 146 325
113 577 150 323
111 576 160 329
111 576 156 326
111 578 153 325
113 577 152 326
110 579 151 326
114 579 152 326
167 562 225 313
118 579 156 325
105 577 148 325
106 579 148 326
104 577 146 325
163 567 206 321
117 578 159 325
114 577 148 323
110 577 144 321
104 577 143 322
111 578 143 321
110 578 141 321
0 640 0 400
123 573 164 322
106 578 144 319
103 580 138 317
106 581 132 315
101 584 128 315
100 586 125 314
100 592 122 313
97 592 121 312
98 591 121 312
97 593 120 313
98 593 120 313
96 593 119 312
96 587 119 313
94 586 118 313
96 587 118 313
96 587 116 313
94 585 103 308
92 588 95 305
88 585 88 306
97 587 77 301
96 584 72 297
102 584 82 299
94 586 78 299
89 585 74 298
93 585 74 297
98 585 72 297
95 585 72 297
99 585 72 297
92 586 71 297
96 584 70 297
76 583 64 295
80 582 62 295
86 582 60 294
103 582 58 292
75 584 56 291
101 584 55 291
101 584 55 291
101 584 55 291
100 584 54 291
100 584 54 290
97 584 54 290
77 584 54 289
99 584 54 289
97 581 57 292
79 580 62 293
75 579 65 295
75 577 68 296
72 569 72 297
76 574 72 298
74 571 71 297
81 575 71 298
77 571 71 298
73 571 70 297
70 571 70 297
71 572 70 297
93 577 112 306
88 574 106 305
84 573 110 307
86 573 114 308
87 575 119 309
0 640 0 400
128 573 158 310
116 575 148 309
94 575 135 308
95 574 132 308
86 574 130 307
89 572 125 307
89 571 125 307
85 570 126 308
111 576 152 313
107 575 149 314
111 575 152 315
116 575 156 316
117 577 162 318
120 575 159 317
121 575 158 317
121 575 157 316
122 575 157 316
122 577 157 316
121 575 158 316
120 577 159 316
122 576 159 316
120 576 160 316
89 577 162 317
96 578 163 317
114 577 165 318
92 578 168 319
94 578 168 319
91 578 167 319
95 578 168 319
95 577 169 319
156 575 195 314
96 581 185 318
91 582 182 318
88 578 179 319
89 579 179 319
90 579 178 318
89 580 174 316
102 578 169 315
103 579 165 314
103 579 161 313
100 579 161 313
101 579 159 313
104 580 159 313
103 580 159 313
104 579 158 312
99 579 156 313
98 579 156 312
98 580 156 313
98 581 155 312
99 578 154 313
99 580 153 313
