120 544 210 317
120 544 213 318
121 544 211 315
125 542 206 313
124 541 205 312
127 542 207 312
124 542 208 314
125 541 205 311
112 541 203 315
118 542 201 313
118 539 200 314
116 540 199 316
117 541 198 315
112 542 195 315
111 545 194 315
116 543 195 314
113 544 194 315
112 545 191 315
112 544 187 312
111 543 185 312
110 545 184 311
109 543 182 311
108 541 181 310
111 542 181 310
108 545 181 311
108 539 181 311
109 544 181 311
104 546 180 309
108 547 182 309
108 548 184 308
106 549 183 308
107 549 181 307
106 548 178 306
105 549 175 306
105 548 175 304
105 549 174 304
108 549 175 303
109 548 175 301
193 533 247 308
195 531 251 300
109 550 180 297
122 551 182 296
116 549 177 293
114 549 175 293
115 547 170 291
117 551 165 290
124 551 161 289
126 547 163 293
130 546 171 301
129 542 174 296
128 543 174 296
123 540 178 298
123 540 179 297
120 540 181 299
119 539 180 298
121 539 180 299
122 542 179 305
124 543 177 303
120 543 174 300
115 540 173 299
120 539 173 297
123 539 170 297
119 540 171 299
122 544 170 299
123 534 186 298
121 541 170 299
121 540 169 299
124 539 168 299
118 541 167 299
116 538 165 296
133 540 201 295
112 541 162 290
122 541 160 286
121 541 159 285
114 538 160 288
114 541 162 291
115 541 163 292
115 541 166 293
119 543 169 291
123 537 173 292
114 544 160 291
114 540 160 291
112 539 160 291
113 544 160 291
112 539 160 293
110 539 160 293
113 540 160 295
108 543 160 296
112 545 160 295
112 543 159 293
112 544 164 299
109 542 166 299
108 542 172 304
108 540 177 307
109 539 183 310
108 540 184 310
108 538 184 309
109 536 184 309
114 537 186 308
109 535 188 309
108 537 187 308
109 540 188 308
106 529 193 310
110 537 197 312
111 537 206 315
113 539 211 317
115 542 219 323
114 544 222 325
116 544 225 325
116 544 226 324
117 544 226 324
119 542 231 325
159 525 270 328
126 542 237 327
124 542 233 325
124 541 230 326
122 541 228 326
120 543 226 327
121 543 227 327
116 543 230 330
123 544 233 327
119 545 236 329
105 544 237 331
119 545 239 336
132 534 256 335
133 541 245 334
131 542 244 335
124 542 242 336
120 540 242 335
118 542 240 336
110 542 239 335
110 544 240 338
109 544 239 335
111 545 238 333
103 544 235 332
117 545 236 330
121 543 233 328
103 543 229 328
97 543 225 328
97 541 224 328
104 541 222 328
98 543 220 329
106 545 219 328
100 545 218 327
105 544 218 327
108 544 219 328
120 543 219 325
110 544 222 321
