165 538 186 352
167 537 185 350
167 541 184 350
164 544 195 358
152 545 197 380
163 543 199 364
160 545 199 365
151 542 200 379
164 540 199 360
163 540 199 365
162 547 198 361
161 541 197 362
164 542 197 359
162 542 197 363
160 543 198 367
165 544 199 359
164 542 199 361
151 541 199 377
153 546 198 378
149 543 198 377
164 541 197 360
163 540 197 358
158 534 259 381
146 546 203 379
150 546 199 378
163 543 198 362
150 543 198 379
151 544 198 377
146 536 197 379
161 524 194 355
164 518 193 351
163 521 192 353
163 524 190 350
163 525 190 349
163 526 189 352
164 529 193 349
131 537 229 379
116 536 216 379
162 527 196 351
163 521 193 350
162 528 192 350
164 525 191 351
166 530 177 343
165 535 166 339
164 544 163 338
163 544 159 338
164 551 156 336
162 549 154 335
0 640 0 400
168 531 171 339
164 544 161 337
165 540 159 336
163 542 158 337
166 545 158 335
165 540 157 335
165 537 157 336
166 541 156 337
165 543 155 336
165 553 153 337
168 552 152 336
165 553 150 334
167 552 148 333
168 551 147 332
172 535 182 343
166 543 154 336
167 548 150 334
168 551 150 334
168 553 149 333
166 552 149 333
167 549 149 334
167 552 148 332
166 550 148 334
167 552 148 333
167 551 148 333
169 549 148 333
166 553 148 333
167 550 148 335
167 553 148 333
169 542 153 336
213 530 234 333
170 542 164 338
168 545 153 333
166 550 151 333
166 550 153 336
166 549 154 336
167 541 156 337
168 543 159 340
168 543 162 341
167 546 162 341
168 548 162 339
170 546 162 339
0 640 0 400
0 640 0 400
168 542 174 342
170 549 166 338
168 547 164 340
168 549 163 338
169 550 162 338
166 549 162 341
166 547 171 344
165 548 176 347
165 539 182 350
164 536 189 356
151 538 196 375
0 640 0 400
147 525 243 376
153 524 214 375
157 530 205 374
151 531 202 375
153 529 201 375
154 533 200 374
151 529 200 375
151 533 199 375
165 529 198 358
153 528 200 375
151 530 210 375
153 531 217 375
149 517 223 375
151 520 229 375
138 513 237 375
228 519 294 376
147 523 251 375
141 520 248 376
143 521 241 375
131 516 240 376
139 517 240 376
131 522 240 376
133 517 240 376
137 512 242 375
137 518 244 375
149 519 249 376
151 522 253 375
151 529 255 376
158 534 257 375
136 532 286 376
153 536 268 376
140 538 269 380
153 538 268 380
138 539 268 376
143 538 269 375
123 535 281 375
151 540 262 375
147 527 257 375
143 528 251 375
154 524 246 376
144 530 240 376
145 526 236 375
135 525 232 375
155 530 288 375
143 528 239 376
139 530 236 376
137 531 236 377
136 529 236 377
136 530 236 377
135 534 235 379
137 529 233 378
131 527 232 377
135 528 231 377
135 523 230 377
138 530 229 377
