127 546 218 340
122 545 218 340
121 546 216 340
124 548 207 336
128 547 208 337
0 640 0 400
130 548 214 336
128 546 211 336
127 546 212 337
127 546 212 339
123 544 210 341
123 545 214 342
123 546 212 340
127 547 214 340
128 546 216 341
129 546 217 341
128 547 214 340
129 546 215 339
128 546 215 340
130 545 213 337
131 546 213 338
127 546 213 338
129 546 213 339
128 546 214 339
128 547 214 340
128 545 215 340
130 547 215 340
128 546 215 340
133 546 216 337
133 547 213 339
136 548 211 338
140 550 210 335
137 548 208 335
136 549 207 334
136 549 207 334
137 551 207 335
138 549 207 335
138 549 207 335
136 549 207 333
138 549 208 335
137 548 208 336
135 549 209 336
138 550 198 331
136 553 182 326
131 553 169 322
128 553 168 320
126 554 165 316
126 554 166 316
125 554 166 316
126 554 166 316
125 554 166 316
125 554 166 316
125 554 166 316
124 554 166 316
126 554 168 317
127 554 168 316
128 554 169 317
125 553 169 317
124 554 167 316
123 553 166 315
122 553 166 315
122 553 166 315
121 553 165 314
122 553 166 314
0 640 0 400
122 553 161 313
122 554 162 311
126 553 162 310
124 554 162 310
122 554 163 311
121 554 163 311
122 553 164 312
119 553 165 313
123 554 165 313
120 554 168 314
122 553 171 316
121 553 173 319
122 553 176 321
122 552 178 322
122 552 178 322
123 552 178 323
124 552 178 323
123 553 178 322
124 552 179 323
122 553 179 323
122 552 179 323
125 553 180 323
125 552 181 323
127 552 187 328
125 551 194 332
128 550 199 336
129 548 206 341
130 544 210 345
128 543 215 347
130 544 217 348
122 544 217 348
131 543 218 349
125 544 219 349
125 544 220 348
121 544 221 348
129 544 221 348
120 544 221 348
123 544 222 348
119 544 223 348
117 543 236 353
122 540 244 360
124 540 250 364
136 541 255 367
137 537 264 373
135 536 266 373
138 535 268 375
134 534 268 375
120 533 268 375
138 533 268 375
142 533 271 376
137 533 270 376
140 533 271 376
139 534 270 376
144 532 272 377
142 531 273 377
142 532 276 379
148 532 280 380
151 531 282 380
154 532 283 381
162 531 285 382
165 531 286 380
0 640 0 400
166 529 289 377
167 529 290 378
163 530 288 379
163 531 288 378
162 531 288 378
159 531 286 379
158 531 285 379
161 530 285 379
153 531 282 378
155 536 274 373
157 536 272 371
159 537 268 369
159 538 265 368
158 538 263 365
160 540 262 365
156 538 262 365
156 541 261 365
157 539 261 365
160 540 259 365
155 539 258 365
153 542 256 364
151 538 256 364
