182 566 188 333
193 563 210 335
183 566 192 333
185 566 193 336
185 565 193 337
185 565 193 337
185 566 193 336
184 565 193 337
185 565 193 337
184 566 192 336
184 566 192 336
183 566 192 336
184 566 192 336
185 566 192 336
185 565 192 337
184 565 192 336
213 544 238 340
186 566 197 337
185 566 192 335
184 566 193 336
184 565 192 336
184 566 193 336
184 565 193 336
185 565 193 336
185 566 193 336
185 566 193 336
184 566 194 336
186 568 196 334
185 568 196 332
184 568 196 332
185 567 196 329
183 567 193 327
183 567 192 328
215 535 250 342
0 640 0 400
185 566 198 327
182 567 191 326
182 567 189 326
182 567 189 325
182 568 189 326
182 568 189 326
181 568 189 326
181 568 189 325
178 572 170 319
175 572 161 315
173 574 155 312
171 574 149 309
172 575 145 307
172 575 146 308
217 529 241 328
186 570 179 316
177 572 154 310
176 574 152 310
175 574 149 309
174 574 149 309
174 574 149 309
172 575 148 307
171 575 147 307
172 574 146 308
171 574 145 308
173 576 143 307
173 576 140 307
173 576 139 307
173 575 137 308
171 575 137 308
172 575 136 307
174 575 136 307
173 575 136 307
209 519 214 324
179 571 155 314
175 574 144 310
175 575 141 309
175 575 141 309
175 575 140 309
176 574 143 313
173 572 145 316
173 573 148 318
174 574 150 321
174 573 152 323
181 571 165 321
181 567 166 326
177 570 156 324
173 571 153 323
173 572 152 323
174 571 152 322
173 572 152 323
173 571 152 322
173 571 152 323
174 571 153 323
176 569 166 331
177 569 169 332
179 568 174 335
178 566 180 338
181 566 185 340
181 567 184 339
181 567 184 340
181 566 184 340
203 532 213 337
0 640 0 400
189 562 205 345
187 565 195 341
186 565 194 342
186 566 191 341
185 566 191 341
184 565 191 341
188 563 204 347
188 562 211 349
190 562 218 353
192 562 223 353
193 563 228 357
193 563 226 356
192 561 226 356
192 561 226 356
192 561 226 356
192 561 227 357
215 544 260 357
199 555 238 356
198 561 235 355
195 562 231 356
196 562 231 356
196 562 233 357
197 563 237 357
200 562 240 356
203 561 243 356
205 560 245 355
207 560 247 355
208 560 248 355
207 560 248 356
208 560 248 355
272 493 307 359
212 557 252 352
207 559 248 353
208 559 249 354
209 559 248 353
211 560 245 349
210 560 242 346
210 560 241 344
208 560 238 342
206 560 237 341
206 559 237 341
205 560 237 342
206 559 238 341
266 518 291 345
206 559 238 341
199 562 232 340
194 564 215 333
189 566 208 331
191 564 223 339
193 564 227 342
