176 574 166 339
179 564 200 371
173 559 234 398
177 558 242 398
269 533 352 395
183 563 239 368
179 568 225 363
177 569 219 360
177 570 219 361
177 569 220 363
177 569 220 364
176 568 222 365
178 568 223 365
179 568 223 365
180 568 225 366
214 558 274 365
183 566 234 366
180 568 227 364
179 568 225 364
179 568 223 364
179 568 222 364
178 568 222 363
179 568 222 362
180 568 224 365
180 567 227 368
177 568 226 368
177 565 231 367
175 565 230 366
174 565 231 367
176 563 230 365
176 563 230 366
176 564 229 364
177 565 229 364
177 565 228 363
177 565 228 363
176 565 227 362
176 565 228 363
176 565 228 363
176 566 228 363
176 566 218 358
179 568 212 352
180 568 211 354
180 571 201 352
181 572 194 349
181 572 195 351
186 567 209 352
194 564 217 351
185 565 212 350
179 568 200 349
179 568 198 347
179 568 199 352
179 570 198 352
184 572 197 351
184 572 194 350
182 574 184 345
181 575 179 342
207 557 242 350
182 571 191 349
178 572 186 350
177 572 183 349
176 572 181 349
176 571 182 350
176 571 181 349
176 571 182 349
175 571 182 352
175 571 180 349
175 571 180 349
173 570 183 352
172 572 186 353
171 571 186 355
173 571 188 357
172 569 191 359
170 570 193 362
172 570 192 360
219 543 291 358
205 551 272 358
177 566 211 362
178 565 212 361
0 640 0 400
196 558 232 353
178 565 209 361
177 566 212 365
0 640 0 400
197 554 260 369
184 555 250 379
180 556 249 380
179 555 248 382
178 555 246 382
179 555 246 380
178 554 248 382
177 553 249 384
177 553 250 385
178 553 252 385
176 553 250 385
177 554 249 384
178 553 258 387
178 549 275 398
181 547 280 398
180 549 278 397
185 547 287 398
186 548 290 398
185 547 290 398
185 548 291 398
186 548 292 398
187 548 291 398
186 548 291 398
187 547 292 398
187 547 291 398
0 640 0 400
205 544 320 398
201 547 313 398
197 551 308 398
183 551 291 396
202 558 280 388
202 557 279 386
201 558 278 385
200 558 279 385
202 558 281 385
202 557 281 385
202 557 281 386
203 558 282 386
202 556 284 388
201 556 286 389
205 559 282 383
201 559 279 381
202 559 276 380
204 560 276 380
202 560 273 381
204 561 271 377
204 562 269 375
204 562 269 375
204 563 269 375
203 563 268 374
203 563 268 373
205 563 267 372
206 564 268 372
207 563 269 372
207 563 268 372
