41 431 171 324
41 430 165 320
38 432 176 327
44 432 180 331
47 431 182 332
44 431 186 333
44 430 187 334
46 430 188 334
44 431 188 333
42 431 188 333
119 424 276 328
38 429 192 330
291 296 69 73
38 430 193 331
45 430 190 333
39 430 189 333
41 430 190 334
47 431 189 334
41 430 189 333
44 430 189 334
47 431 189 333
42 431 190 334
43 431 189 334
48 429 189 334
34 429 189 334
40 430 189 334
38 431 189 334
43 430 189 334
49 430 189 333
42 430 189 335
50 429 190 335
34 428 191 335
34 428 192 335
26 429 198 328
291 296 70 74
30 428 194 334
35 427 192 335
29 428 193 335
31 427 193 336
36 427 193 336
34 426 193 336
48 428 188 330
39 431 178 328
44 430 173 325
48 430 173 327
37 429 190 323
47 431 168 323
39 432 167 323
45 431 166 322
50 431 166 323
46 432 166 323
49 430 166 323
42 431 166 324
47 431 168 323
40 431 167 323
42 429 167 323
56 428 233 328
42 429 166 322
41 428 163 322
44 429 162 320
38 431 160 318
43 430 159 317
39 429 160 318
39 430 158 317
35 431 158 317
38 430 158 319
38 430 158 317
38 429 159 318
226 356 69 90
37 429 164 318
37 430 160 318
35 428 185 321
42 431 164 321
33 432 164 320
36 431 165 321
39 431 166 321
34 430 168 323
40 431 167 322
34 429 167 323
35 430 166 322
41 430 167 323
38 429 167 325
32 430 167 321
45 429 167 323
49 429 167 324
48 431 167 324
35 431 167 322
31 431 171 325
51 429 174 326
42 429 178 327
50 427 217 331
32 431 190 334
34 429 194 339
33 429 191 337
34 429 192 338
33 429 192 338
35 429 192 339
32 430 192 338
37 428 191 338
32 429 192 338
29 428 192 338
34 429 191 338
36 430 191 337
30 429 192 339
33 427 198 345
36 428 201 348
47 427 204 350
39 428 209 354
34 428 208 355
41 427 213 355
52 429 255 348
39 427 221 352
38 427 220 352
42 426 220 354
41 426 221 354
41 426 221 355
43 427 221 355
40 425 224 357
30 425 224 359
32 425 225 359
41 425 226 361
42 425 229 361
46 424 229 361
47 425 229 360
40 425 229 360
41 424 229 361
45 425 231 361
42 425 231 361
48 425 230 361
73 420 270 359
46 423 241 359
40 424 229 356
41 424 224 355
48 424 224 355
47 424 221 354
45 423 221 353
48 422 220 353
48 424 221 353
46 425 221 353
49 424 222 353
48 423 222 353
46 424 222 353
46 424 222 353
47 425 243 355
86 423 273 354
49 425 228 352
49 424 220 351
51 424 220 353
42 425 221 352
48 424 221 353
