96 560 174 345
99 561 174 344
96 560 174 345
95 560 168 343
95 560 168 343
98 561 169 341
97 561 170 343
95 561 171 345
99 561 171 342
97 561 173 341
98 562 171 339
99 561 171 340
98 561 172 340
95 560 172 341
98 561 172 341
98 561 172 340
99 561 171 340
99 561 171 341
98 561 172 341
96 560 173 342
100 560 173 340
100 560 173 342
99 559 172 340
96 561 172 343
98 560 172 342
97 560 172 343
95 561 171 343
96 561 170 341
96 562 170 340
98 563 169 339
98 564 169 337
98 564 169 337
97 564 168 338
98 564 168 337
96 565 168 338
97 565 167 338
96 564 166 338
97 564 166 336
96 564 166 338
95 565 166 339
95 564 161 337
91 565 152 337
92 566 147 334
90 566 141 333
89 567 136 333
90 567 134 332
90 567 133 332
90 567 133 331
92 567 133 331
89 567 131 330
158 536 207 320
173 553 222 316
89 566 131 329
86 566 128 329
88 566 128 328
89 566 128 328
88 566 127 328
88 566 125 330
88 565 123 330
0 640 0 400
90 567 119 321
88 565 117 327
88 564 116 325
88 565 116 325
87 565 116 325
87 564 116 325
88 565 116 326
92 564 120 323
94 562 133 330
86 564 119 329
88 561 119 326
90 565 123 330
92 563 126 329
94 561 129 332
96 561 131 331
96 564 133 331
96 566 134 331
95 563 133 332
95 562 133 332
95 563 133 331
96 564 133 332
96 564 133 332
96 564 133 332
94 560 133 332
94 560 133 331
95 561 133 333
94 559 134 334
95 560 136 332
118 548 195 341
101 552 164 341
100 550 161 342
100 556 165 345
98 555 169 348
0 640 0 400
100 557 168 346
100 558 166 345
101 558 166 346
100 554 167 346
100 556 167 346
99 557 167 347
102 559 168 344
101 557 169 345
101 559 169 346
100 561 169 346
101 557 183 352
106 558 192 351
103 558 197 353
93 559 203 356
97 559 205 359
98 558 209 358
99 558 208 358
98 559 208 358
99 558 208 358
175 519 257 347
184 529 263 345
108 555 216 358
105 555 214 358
105 556 213 357
105 556 215 359
105 554 216 359
113 557 217 356
116 556 222 357
123 556 224 357
118 553 228 363
116 554 231 365
113 555 233 367
112 555 233 368
116 555 233 370
116 555 234 367
107 555 234 371
102 555 235 372
111 554 236 371
105 554 236 373
108 555 237 372
140 554 237 347
108 555 233 372
112 555 228 365
115 556 223 358
119 556 221 355
115 557 214 348
114 558 213 348
114 557 215 350
115 557 215 349
117 558 214 350
114 557 215 351
113 557 216 352
118 558 216 349
116 558 216 351
114 557 216 353
120 558 216 349
