55 442 201 349
52 441 201 349
53 443 201 349
55 442 202 349
65 438 245 347
56 440 202 347
98 427 266 348
43 441 206 348
58 441 201 348
57 441 201 347
51 441 202 349
51 441 202 348
55 441 203 349
51 440 204 349
50 442 203 348
55 443 203 348
50 442 204 349
49 442 204 349
51 441 204 349
52 442 203 349
52 442 203 349
52 441 203 349
50 442 203 349
58 442 202 349
55 441 202 349
54 442 202 349
52 441 202 349
55 441 202 349
52 442 202 349
40 440 203 348
51 440 202 349
39 441 202 349
50 441 202 349
46 440 202 349
42 442 202 349
43 441 202 349
45 441 202 349
38 442 203 343
38 442 202 343
36 441 203 345
40 441 203 345
36 442 203 345
41 440 202 343
43 441 197 343
56 443 193 342
54 442 189 341
52 440 187 339
55 440 186 339
55 439 185 339
52 440 185 338
55 441 183 337
53 441 181 335
58 441 179 334
54 442 177 333
52 442 177 333
50 444 225 339
54 442 180 334
54 442 178 334
56 442 175 331
54 441 174 331
52 442 173 331
51 441 172 331
57 441 171 331
56 441 170 331
55 440 171 329
52 441 170 331
50 441 171 330
52 442 171 330
91 441 226 330
51 443 177 331
55 441 172 330
54 441 173 329
49 443 174 331
50 441 174 331
48 441 176 332
52 443 177 332
52 441 179 332
54 440 180 333
56 439 180 334
52 440 180 333
63 439 262 341
50 439 186 337
47 439 184 334
48 440 182 334
49 443 181 336
48 440 181 336
52 442 181 336
48 443 188 340
64 441 211 342
62 439 213 342
51 442 202 345
55 441 204 347
54 440 205 349
55 443 206 349
28 441 205 335
55 440 202 345
52 443 200 346
51 439 200 347
52 443 200 347
51 440 202 348
62 436 270 347
49 440 221 354
45 441 224 359
39 441 220 355
47 441 228 363
38 441 232 367
46 441 228 366
39 440 228 367
59 439 240 364
55 441 238 366
55 437 257 366
49 440 233 367
50 441 232 367
43 441 234 367
59 440 235 367
49 440 237 370
53 440 236 371
52 439 238 372
54 440 240 373
56 438 253 373
61 440 248 372
86 435 295 374
67 437 268 373
59 439 246 373
54 439 247 372
58 437 248 372
56 439 248 372
55 440 247 372
57 440 246 372
57 440 245 371
125 405 317 369
57 440 246 371
58 438 245 371
57 438 246 371
59 438 247 373
56 439 245 372
54 441 240 368
58 440 236 367
58 440 235 365
41 439 199 346
37 439 218 360
48 441 223 362
48 439 223 361
111 435 293 361
57 439 230 361
53 439 230 361
54 439 229 362
57 439 230 361
61 439 232 363
56 440 231 364
