160 558 139 302
160 558 139 301
160 560 140 301
161 562 146 307
162 561 149 307
159 561 151 308
159 560 151 309
162 560 153 309
162 559 153 309
163 557 153 309
160 559 151 309
162 558 152 309
158 558 152 311
161 559 152 310
159 557 153 311
161 558 153 311
161 559 154 312
163 559 157 313
158 559 158 313
162 558 157 314
159 558 155 314
161 556 154 313
161 558 153 314
161 557 153 314
160 558 153 315
159 558 153 315
159 555 153 315
157 554 154 315
160 555 153 315
159 557 154 316
156 554 153 316
162 560 150 314
160 561 146 311
161 559 149 312
161 560 148 313
161 548 148 312
161 553 150 312
160 556 151 313
162 544 151 313
165 553 151 313
162 548 151 314
163 549 153 314
161 547 152 315
161 551 152 315
163 551 151 315
162 547 150 315
158 555 140 309
155 564 128 302
156 566 122 298
154 562 118 296
153 563 114 292
157 563 113 292
157 562 113 292
155 562 113 292
154 562 114 292
154 563 114 291
155 561 113 291
156 562 114 292
155 562 114 293
154 561 115 292
154 563 110 289
157 562 109 289
157 561 108 288
154 563 107 287
159 561 106 286
159 563 106 286
155 558 106 286
155 556 106 285
159 559 105 286
159 558 105 285
159 561 105 285
154 558 105 285
158 561 105 285
156 562 105 285
158 559 106 287
156 561 112 291
159 561 121 296
159 555 123 298
155 557 125 300
155 555 128 303
158 553 126 302
155 559 126 302
157 558 126 301
156 554 126 301
157 558 126 302
157 553 126 301
159 554 125 301
160 556 125 301
160 556 122 300
156 557 124 301
153 551 143 311
152 551 145 313
158 556 149 317
158 551 154 321
160 552 157 324
159 548 156 324
162 546 156 325
160 551 156 324
161 550 157 325
161 548 156 324
159 549 157 325
162 548 156 325
163 547 156 325
159 550 156 325
159 548 154 325
158 547 162 329
166 548 177 339
164 542 185 343
165 548 190 345
168 546 194 348
168 533 197 349
168 535 196 350
167 544 193 349
164 540 188 350
166 539 188 351
160 538 188 351
165 534 187 351
165 537 186 351
162 540 186 351
160 540 184 351
164 535 184 351
164 540 183 351
162 539 183 351
170 535 201 354
170 540 210 355
168 542 213 356
172 545 216 357
174 544 217 357
173 545 218 357
173 538 219 357
174 543 220 359
174 540 220 359
172 535 220 360
173 539 221 360
172 538 221 360
173 538 221 361
172 542 219 360
173 537 219 360
170 542 214 357
166 550 200 350
165 554 190 347
167 553 188 344
168 559 187 342
164 557 186 341
163 555 187 341
170 556 188 341
168 556 188 342
167 555 191 343
167 554 192 343
166 560 192 344
168 558 193 344
168 554 194 344
166 551 194 344
