92 530 146 263
94 534 146 262
89 530 145 262
84 526 131 259
84 534 123 254
76 536 119 256
84 534 119 253
79 532 118 254
78 531 119 255
83 532 119 253
78 531 119 255
81 524 119 255
78 531 119 256
82 532 120 254
75 527 120 257
77 532 120 256
83 531 120 255
85 534 120 254
83 531 121 255
82 535 121 255
84 534 121 255
84 531 121 254
85 531 121 254
115 536 165 272
92 522 140 259
79 529 130 260
79 529 127 259
84 533 126 256
89 531 125 254
84 533 124 255
80 529 124 256
83 533 123 255
78 535 123 256
86 526 123 253
91 528 122 250
85 528 119 251
77 531 117 252
82 533 117 251
74 532 116 253
79 531 116 251
75 532 116 251
80 531 116 250
76 532 116 252
77 532 116 251
80 531 116 251
77 533 116 252
83 531 116 250
77 532 117 252
76 537 104 248
73 535 91 243
68 535 77 240
61 534 68 236
49 535 64 235
49 531 64 238
49 537 64 234
36 531 65 240
36 536 65 236
68 537 65 235
30 537 66 238
59 538 68 237
69 534 69 237
37 537 69 237
67 535 70 237
37 532 68 240
44 534 67 236
30 529 66 241
36 531 65 240
37 527 63 239
34 532 62 240
42 531 63 240
37 534 63 240
29 536 62 239
64 529 58 235
56 529 58 233
42 535 57 235
43 531 57 235
59 529 60 234
43 529 59 234
38 546 63 235
43 535 64 238
34 532 66 240
37 525 67 238
35 541 69 239
37 539 69 236
35 535 68 239
36 534 68 238
35 538 68 238
31 538 68 240
36 539 68 237
30 540 68 237
31 537 68 238
29 540 68 237
30 533 68 238
27 533 78 240
57 528 83 239
53 537 86 240
70 537 91 243
70 537 92 244
57 539 93 245
55 545 94 244
29 541 94 245
70 545 95 246
27 549 95 244
69 547 96 246
69 545 96 244
66 546 97 245
70 548 97 245
21 541 97 245
69 548 99 248
71 537 100 248
69 538 101 248
67 532 101 248
29 539 101 247
29 532 101 248
69 531 101 248
26 537 101 249
27 538 102 248
26 535 103 247
46 534 103 248
69 532 104 248
119 527 173 267
101 532 158 266
100 534 154 266
97 532 148 264
99 536 149 262
147 323 260 326
107 529 163 266
106 540 165 267
107 533 163 267
110 533 164 266
110 536 164 266
110 539 163 266
105 538 164 267
106 536 164 267
105 539 165 268
108 537 164 268
109 538 166 268
112 532 163 265
111 533 159 263
104 536 156 263
109 529 155 261
124 531 163 259
129 521 177 263
117 518 161 258
93 526 149 263
88 529 145 262
91 527 145 262
89 530 146 264
89 533 148 265
90 533 149 263
92 534 149 264
