132 541 207 349
196 512 297 354
135 542 223 349
134 542 216 352
135 541 220 354
135 538 228 359
129 537 227 359
129 538 230 359
128 538 230 359
136 537 226 358
134 537 222 357
134 537 222 357
135 537 223 357
135 537 226 358
130 538 227 359
130 537 227 359
128 539 230 360
124 538 233 359
126 539 230 359
125 538 230 360
127 538 230 359
130 538 230 361
133 537 229 360
127 538 230 361
127 537 230 361
129 536 229 361
130 538 229 360
129 541 228 359
134 544 227 358
129 544 225 358
133 544 225 357
132 545 225 357
132 545 225 357
132 544 224 356
129 544 225 357
134 545 225 357
130 541 225 359
128 542 224 358
131 544 224 359
131 543 222 358
140 545 213 353
135 544 200 347
134 548 195 345
135 548 192 342
134 548 189 339
135 547 194 340
0 640 0 400
159 539 245 345
133 545 188 339
133 548 188 340
134 548 188 340
133 549 188 339
133 548 188 338
132 546 188 339
132 547 189 340
132 548 190 339
133 548 190 340
132 547 189 339
132 547 186 337
132 548 186 335
130 548 184 335
128 546 183 333
130 546 184 334
129 547 184 333
129 547 184 333
130 547 184 333
129 547 183 333
130 546 184 333
128 547 184 334
130 546 186 335
128 547 186 335
127 547 186 336
128 547 187 337
129 546 187 337
127 547 187 337
128 546 188 337
126 547 188 337
127 547 192 339
128 548 194 340
127 547 195 341
126 546 198 343
128 545 197 343
127 544 199 344
126 547 198 343
128 545 198 344
128 545 200 345
128 545 200 345
127 545 200 345
128 544 201 347
128 545 202 347
125 545 205 349
126 544 211 353
126 537 216 358
127 534 220 360
125 533 225 364
128 535 228 365
128 534 230 365
126 533 235 368
128 533 234 367
126 529 236 368
126 529 236 369
128 528 237 369
126 525 238 370
127 525 238 370
127 529 238 371
128 524 238 371
125 525 237 370
124 525 237 370
127 529 236 369
124 528 237 369
123 531 236 369
120 533 248 377
120 524 261 383
122 523 266 387
128 523 275 393
120 525 283 398
119 522 286 398
120 521 286 398
119 519 286 398
120 523 286 398
117 522 285 398
121 522 287 398
121 522 294 398
150 515 316 398
142 517 305 397
117 525 280 396
119 524 284 398
123 523 286 398
126 522 287 398
130 523 291 398
130 521 294 398
145 522 298 398
147 521 303 398
146 520 304 398
144 522 303 398
142 522 304 398
144 521 304 398
142 520 305 398
145 520 305 398
145 519 307 398
142 520 306 398
133 523 298 398
133 525 290 398
130 527 286 394
140 528 279 391
152 527 278 389
157 527 276 387
160 527 280 389
158 528 280 389
159 528 282 389
162 528 282 389
159 529 279 385
159 529 278 385
156 528 277 384
158 528 277 383
158 529 277 383
159 528 278 380
159 528 280 377
169 527 284 377
164 528 284 376
169 528 284 375
167 527 285 375
164 526 289 377
