147 563 187 341
148 563 187 341
150 562 190 342
151 562 192 344
151 561 194 345
149 561 194 344
150 562 195 344
148 562 196 344
148 562 196 344
155 560 207 343
155 560 213 345
152 561 202 343
154 560 217 344
148 562 193 342
147 561 192 343
146 562 191 342
146 560 193 343
146 560 195 344
145 560 196 345
146 560 196 344
146 560 195 344
146 560 195 343
146 560 194 343
146 561 194 343
146 561 193 340
147 560 194 342
147 561 194 341
149 561 192 340
149 560 190 341
150 561 191 342
151 561 193 344
152 562 194 345
153 562 196 346
153 562 197 346
153 562 197 347
153 562 197 346
152 562 197 346
153 562 198 347
153 562 198 347
153 562 199 347
153 562 198 346
145 563 179 339
147 566 158 332
143 568 150 327
143 568 148 325
144 568 148 324
145 567 149 325
146 568 150 325
154 564 190 329
142 567 154 325
143 566 154 325
140 568 152 325
141 568 152 325
141 567 152 325
140 567 152 325
141 568 149 324
141 568 144 322
145 569 140 321
147 569 140 322
148 569 141 322
146 569 141 321
147 569 141 321
148 569 141 321
147 569 141 321
148 569 140 321
148 569 140 320
149 569 140 320
147 568 139 320
149 568 140 320
145 569 139 319
146 570 140 322
146 569 140 323
146 568 142 324
163 564 200 327
146 564 164 332
148 564 159 332
186 556 244 333
148 563 174 335
149 565 161 332
148 566 160 332
147 566 161 332
145 565 161 332
146 565 161 332
146 562 168 337
146 561 174 340
142 560 180 343
142 560 186 347
139 560 192 351
138 560 194 352
138 560 195 352
138 560 195 352
139 559 196 351
138 559 199 353
137 559 199 351
134 558 199 351
138 558 201 352
138 559 201 351
138 560 204 352
150 556 230 359
145 555 224 363
148 552 230 367
149 551 239 371
153 548 244 374
153 548 245 373
164 537 284 376
153 544 256 375
154 545 251 374
154 545 251 374
154 544 251 374
154 546 252 374
154 546 252 373
155 546 252 373
154 544 256 377
149 545 258 379
151 546 259 379
151 547 261 379
148 546 265 383
148 546 265 383
148 546 264 383
152 546 265 384
145 546 265 384
147 545 265 383
147 545 266 384
145 545 267 384
147 546 267 383
147 545 268 383
150 546 267 382
149 545 263 378
149 546 259 375
147 547 256 373
150 551 249 369
148 553 244 365
148 552 245 366
0 640 0 400
167 546 270 368
157 549 253 367
152 550 252 368
152 549 251 368
151 550 252 368
151 550 250 367
