190 560 201 340
191 559 202 340
190 556 203 340
192 556 202 341
190 566 173 326
190 565 165 324
188 565 163 324
187 565 163 324
188 566 164 325
187 564 164 324
185 564 163 324
185 564 164 325
186 564 164 325
187 565 165 325
185 565 165 325
186 566 165 325
188 564 165 325
187 565 165 325
187 566 166 325
189 565 166 325
187 564 167 325
187 565 167 326
189 564 168 326
189 565 167 325
185 565 167 325
186 566 167 325
189 566 168 325
189 564 168 326
186 562 168 322
186 556 165 322
187 550 165 321
186 558 165 321
187 565 165 320
185 559 165 320
185 561 164 320
185 560 164 319
185 563 164 319
184 561 163 320
186 559 163 320
184 561 162 319
182 561 161 319
184 559 161 320
185 561 161 319
184 563 162 319
183 558 161 319
184 560 160 319
186 563 141 309
183 559 134 307
182 558 131 306
184 556 127 305
183 555 122 303
184 556 122 303
183 552 122 303
184 557 126 304
0 640 0 400
0 640 0 400
181 560 121 299
182 557 119 299
180 552 120 300
179 557 119 300
181 554 118 299
0 640 0 400
195 564 144 300
182 567 112 292
188 569 109 292
187 569 109 293
186 569 109 293
187 569 107 292
222 560 184 292
0 640 0 400
0 640 0 400
194 570 113 269
191 571 104 270
189 570 105 270
191 572 106 269
187 570 102 272
188 569 104 274
188 574 107 278
185 570 111 284
185 569 114 286
188 568 120 287
189 568 125 291
189 569 125 291
189 569 124 291
0 640 0 400
202 567 156 285
195 571 137 285
191 572 129 285
189 571 129 287
189 572 128 288
190 571 129 289
191 569 133 291
192 569 141 296
193 563 150 300
194 566 155 302
194 564 159 305
193 563 158 305
194 565 159 305
193 567 160 306
194 564 159 305
192 562 159 305
195 563 160 306
194 566 160 306
195 565 161 306
194 565 162 307
195 565 163 308
194 560 169 313
196 558 176 317
195 559 184 323
194 560 190 327
196 560 198 333
194 560 200 333
194 560 200 333
200 559 203 333
198 560 204 333
245 544 258 324
202 559 216 331
200 556 216 332
198 560 212 332
194 555 212 333
197 557 212 333
197 557 209 335
195 556 211 337
203 560 214 338
201 558 219 340
204 558 220 340
203 559 220 341
204 557 222 343
209 555 226 342
208 555 228 342
210 553 230 341
210 553 232 342
208 553 231 341
202 558 223 342
204 555 225 342
205 554 227 343
207 555 230 343
207 553 230 339
209 554 222 334
200 554 216 332
195 554 208 331
194 556 198 329
194 553 191 328
193 554 191 329
194 549 191 329
194 550 191 329
190 559 194 329
192 553 194 329
190 556 195 329
188 559 195 329
191 556 195 329
193 559 198 328
