115 569 152 299
114 571 152 300
114 570 150 299
110 569 149 301
111 569 149 299
110 568 148 299
104 565 148 300
114 566 149 299
113 566 152 302
114 567 155 304
114 566 152 300
113 567 148 299
112 568 148 300
114 568 149 300
113 567 150 299
113 567 148 299
114 566 149 299
113 566 150 300
114 565 150 301
113 566 153 302
112 566 154 302
110 565 155 304
112 563 157 305
112 566 156 305
111 563 156 306
112 565 155 304
111 563 155 305
156 535 213 303
116 565 163 304
110 564 159 303
114 567 157 302
113 568 157 301
114 569 156 301
113 566 156 301
113 569 156 301
114 568 156 302
114 567 156 300
112 566 155 301
113 569 156 301
113 568 156 302
113 567 154 301
114 569 153 299
113 568 152 300
113 571 151 298
113 569 153 300
113 570 152 301
110 572 145 298
113 572 138 295
107 572 137 295
106 570 132 294
111 569 131 295
108 571 132 296
110 567 133 296
108 570 133 296
105 565 131 295
106 567 131 296
108 567 132 297
108 570 131 295
106 569 126 294
108 569 126 294
128 563 166 293
108 568 124 293
106 570 122 293
106 564 118 292
105 564 120 293
104 564 119 294
105 565 115 293
138 558 184 302
108 565 133 301
104 565 129 300
101 558 129 301
99 566 121 297
101 570 121 295
101 564 132 304
112 557 153 312
105 552 153 316
107 549 162 323
104 547 162 325
105 550 163 325
104 549 164 324
104 551 165 325
99 546 173 333
98 540 184 341
102 537 191 341
104 534 198 344
104 524 206 352
107 510 213 354
104 518 211 355
106 513 215 356
103 511 214 357
104 513 215 356
105 520 215 355
103 520 215 357
102 516 217 358
106 515 219 358
106 514 221 360
112 507 237 363
109 506 227 361
108 516 225 361
108 518 225 361
107 518 222 359
106 519 222 360
108 522 221 359
105 513 226 364
105 517 229 365
105 522 230 367
104 524 232 367
107 522 240 370
107 523 237 366
111 532 232 364
153 515 263 347
136 546 221 332
116 555 194 328
115 559 192 329
113 560 186 326
113 558 185 325
107 564 188 331
105 558 186 331
106 565 184 328
112 558 186 328
112 562 198 333
108 561 208 341
110 556 209 341
110 556 216 345
109 561 217 347
107 557 218 348
111 557 216 341
112 558 215 342
112 554 219 345
111 559 216 342
113 561 218 341
114 559 219 341
112 556 218 340
104 556 222 340
106 561 227 343
116 560 229 334
114 564 228 333
114 561 229 336
120 560 232 334
116 557 238 341
117 558 238 340
120 560 240 342
125 559 240 338
126 558 242 339
128 554 245 341
128 551 251 344
132 540 257 345
132 538 251 346
132 551 240 339
115 545 243 348
0 640 0 400
125 540 248 347
121 539 244 347
123 547 237 342
120 550 234 341
153 534 264 347
136 531 270 359
122 545 234 340
114 551 228 342
114 553 227 342
114 550 227 342
115 551 228 342
116 556 227 341
0 640 0 400
