120 535 156 319
120 537 156 320
120 546 164 321
126 540 170 322
127 538 170 322
126 539 170 322
128 538 171 323
126 543 171 323
125 538 169 323
124 544 168 323
124 538 168 323
125 544 171 323
131 538 171 322
128 539 172 324
128 540 172 323
126 536 172 324
130 539 171 323
130 539 172 324
129 545 173 323
129 544 173 324
129 544 173 324
130 537 173 325
129 548 174 325
130 537 174 325
130 534 174 325
130 538 175 325
131 537 175 324
131 542 174 325
130 537 174 326
130 537 174 324
128 535 173 324
127 537 172 324
125 544 172 323
125 544 171 323
124 543 170 321
125 548 169 321
124 552 169 321
122 549 169 321
126 544 169 321
122 548 169 321
125 544 169 321
120 543 169 321
121 544 168 321
123 548 168 321
122 548 168 321
124 539 167 320
121 540 156 318
121 543 154 318
120 542 151 316
120 538 149 316
122 536 147 315
120 538 145 315
119 543 145 316
120 539 145 316
120 539 145 315
119 543 144 316
119 538 144 315
118 540 144 315
119 539 143 315
120 543 142 314
120 539 142 314
118 540 141 315
120 540 140 314
120 535 139 313
120 535 137 313
116 536 136 315
118 530 135 314
119 536 134 314
118 536 134 313
119 532 134 313
117 534 134 314
116 533 134 315
121 533 134 313
118 535 134 314
116 534 134 315
123 535 133 311
120 536 134 313
117 534 137 316
114 532 139 317
116 536 141 318
118 533 144 318
119 536 146 319
119 534 146 319
121 536 147 319
118 537 147 319
116 543 147 320
121 535 145 317
120 538 146 318
121 538 147 318
121 535 148 318
118 537 148 318
120 535 148 318
122 537 148 317
120 534 149 318
119 536 148 319
116 534 152 323
118 535 156 323
121 529 161 323
118 526 166 326
123 536 169 326
124 537 171 326
125 533 172 327
126 549 174 327
126 536 175 328
128 544 177 328
130 535 177 327
127 532 177 328
129 538 178 328
130 537 178 328
129 533 178 327
129 536 178 328
130 532 179 328
129 537 180 328
130 533 181 329
130 537 181 328
132 540 184 329
131 542 187 332
136 544 192 333
135 529 194 335
136 534 196 335
134 517 202 338
135 522 204 338
135 521 204 338
136 522 204 338
135 520 204 338
138 520 204 337
138 519 205 337
137 520 205 337
139 516 204 336
137 538 204 337
137 518 204 337
136 520 205 338
138 520 206 336
139 519 208 337
140 521 208 336
141 523 209 335
142 525 210 335
141 524 211 335
146 526 212 335
141 522 213 337
146 523 215 336
144 523 216 336
144 521 216 336
144 520 216 337
148 521 217 335
145 520 217 336
145 519 217 336
144 521 218 337
148 523 217 335
145 520 217 336
146 523 214 333
146 524 212 333
146 525 210 330
148 527 208 329
145 531 207 330
140 527 198 327
139 541 198 328
140 538 200 329
140 534 200 329
140 534 201 330
138 531 201 331
139 534 200 329
138 534 199 329
138 529 198 329
