122 526 188 308
123 528 188 309
126 518 188 308
121 522 185 308
122 524 185 308
121 522 186 308
124 526 186 309
121 519 187 309
121 522 186 310
120 528 185 310
122 519 185 309
121 523 185 308
123 523 185 308
120 523 184 308
122 526 184 308
124 524 184 307
122 523 184 309
123 524 185 309
124 527 186 308
122 523 186 309
122 519 186 309
122 521 186 309
122 525 186 309
123 526 185 309
122 526 185 309
122 524 185 310
124 519 185 311
120 521 185 310
126 516 185 310
119 523 185 310
123 526 186 309
126 529 186 309
126 525 185 309
124 537 186 314
124 542 185 316
124 540 186 315
124 535 186 313
126 537 185 314
124 538 184 313
121 537 180 311
123 542 180 314
122 546 180 313
123 542 180 312
121 544 180 313
123 537 176 307
130 542 166 307
125 542 158 302
122 535 151 297
124 540 146 297
124 540 146 297
122 536 148 297
123 541 148 300
123 538 148 299
124 539 149 300
122 535 149 300
125 538 149 299
122 535 149 300
122 540 148 298
123 534 146 295
127 525 174 300
124 538 147 295
126 539 142 293
123 538 138 293
124 539 136 292
123 534 136 292
124 534 136 290
123 540 137 289
123 531 140 293
123 533 139 293
125 531 141 295
124 539 141 295
127 531 141 292
125 532 140 293
125 534 140 295
124 534 141 295
124 533 141 295
125 531 143 296
126 536 143 295
126 532 144 297
128 530 146 299
126 531 150 301
128 535 150 301
129 528 151 301
127 534 152 301
127 533 153 301
125 531 154 303
151 516 217 306
128 535 160 303
127 530 157 302
128 527 155 301
126 529 154 301
127 530 154 302
125 535 154 301
127 530 160 304
129 537 164 305
129 536 169 307
128 529 175 310
126 531 180 314
128 529 185 318
128 532 184 317
129 533 185 317
126 529 185 317
128 527 188 317
180 508 265 325
126 526 192 318
126 529 189 317
125 526 184 318
125 528 185 319
128 524 186 319
128 520 193 325
126 515 203 327
121 516 207 329
122 517 212 333
120 516 219 337
126 516 220 335
121 514 220 335
123 516 220 335
174 511 265 337
136 521 240 335
128 512 233 335
128 513 232 334
124 519 231 333
124 524 232 333
123 525 231 331
131 524 231 332
134 530 233 332
135 526 236 333
124 526 240 335
134 526 241 336
146 529 242 336
137 527 243 336
131 523 242 336
142 522 241 335
138 527 241 335
138 527 241 335
136 532 241 336
130 533 241 336
127 534 241 336
132 537 240 336
126 533 240 336
0 640 0 400
139 519 253 337
144 534 252 337
144 521 246 337
143 528 246 337
138 523 244 337
141 527 243 338
136 523 240 337
136 537 235 332
124 534 232 331
128 526 229 328
126 536 226 327
126 534 224 325
126 534 224 325
128 537 223 325
124 537 222 325
123 532 221 325
124 543 220 325
122 540 220 325
122 537 220 324
206 520 273 330
136 534 233 324
124 540 218 323
126 537 217 324
