145 573 176 361
144 575 176 362
147 574 179 360
150 573 189 360
154 569 192 357
151 571 194 361
147 572 195 368
147 567 195 368
151 570 196 364
155 572 197 359
155 572 198 359
158 570 198 355
154 570 199 361
154 573 199 361
156 570 200 361
0 640 0 400
153 564 225 361
156 570 203 357
164 572 202 348
157 569 202 355
161 571 201 351
159 570 202 356
160 571 202 354
161 571 202 353
155 571 202 352
161 572 203 351
157 569 202 358
155 571 201 358
155 573 197 352
142 569 196 348
146 568 195 347
146 571 194 347
146 571 194 349
158 563 194 344
145 574 196 347
132 569 196 357
147 571 195 348
128 570 195 356
137 574 195 351
142 574 195 347
147 573 194 347
158 572 187 347
152 572 177 347
144 571 169 352
144 574 164 352
147 577 159 345
144 575 157 349
147 576 157 343
144 576 157 348
142 576 158 349
147 575 158 345
147 576 158 345
144 574 158 347
144 575 159 348
145 578 160 346
146 578 159 345
148 578 156 344
150 578 156 343
150 578 154 341
148 578 153 343
153 578 153 339
148 577 153 343
148 576 153 343
149 575 153 342
149 578 152 342
147 578 150 343
148 578 148 339
147 577 146 339
148 576 150 343
149 575 153 339
152 573 156 342
150 574 159 343
152 567 163 345
152 571 164 346
152 570 165 347
152 573 165 347
154 570 165 344
153 570 165 347
153 571 166 346
154 573 165 344
152 573 165 346
153 570 166 346
153 572 166 346
153 568 174 351
152 569 181 358
151 561 189 361
154 561 195 361
152 565 200 368
155 560 203 363
156 559 202 362
156 558 205 361
158 557 204 362
155 556 206 363
155 555 205 363
155 558 204 361
158 561 207 360
156 554 208 363
157 557 208 364
159 553 211 367
136 552 220 375
125 547 230 387
141 552 236 381
144 544 239 381
154 551 239 375
144 552 238 381
143 551 239 383
143 548 240 383
148 552 241 381
144 551 241 383
148 556 241 382
140 552 242 383
141 547 242 383
144 554 241 382
157 540 249 379
147 544 249 385
152 545 249 384
145 546 251 389
146 547 249 389
148 548 250 387
146 544 252 390
154 548 251 387
145 547 252 389
151 547 250 387
146 547 249 389
149 546 251 389
149 550 250 390
149 549 249 390
148 547 251 387
147 552 248 386
156 550 243 380
175 553 239 363
171 554 235 363
142 555 233 383
163 554 235 367
142 552 236 384
140 554 234 387
141 555 232 382
143 553 234 382
147 557 220 365
146 558 221 365
150 553 220 365
