188 569 198 356
188 569 198 356
189 568 200 356
188 568 201 356
189 568 201 356
190 568 203 356
187 568 203 356
189 568 203 356
189 568 204 357
189 568 204 357
189 568 205 357
188 568 206 357
187 568 206 359
185 567 206 359
188 568 206 358
190 568 207 358
189 568 206 357
188 568 205 357
188 568 205 357
188 568 205 357
188 567 205 357
188 568 204 357
188 568 203 357
189 568 203 356
190 568 203 356
189 568 203 357
189 568 203 357
188 568 204 357
188 568 205 357
187 568 206 356
186 568 206 356
185 568 206 355
182 566 206 354
174 567 207 351
180 566 207 353
182 567 206 353
183 567 205 351
185 567 205 351
184 567 205 352
184 567 204 352
185 567 204 352
185 567 204 353
187 568 204 352
185 567 202 351
188 567 196 349
187 568 186 346
185 570 182 347
183 570 177 347
186 570 172 342
185 570 171 342
185 570 170 343
184 570 170 343
185 569 171 343
185 570 171 343
185 570 171 343
184 571 171 343
185 570 171 343
185 570 172 343
186 570 171 343
185 571 170 344
191 566 208 351
186 570 169 343
187 571 166 343
189 571 164 342
188 571 165 343
218 558 260 344
197 563 226 349
195 565 210 350
189 570 168 342
190 570 165 342
190 571 165 341
190 571 166 342
190 570 166 343
190 570 166 342
187 570 169 345
186 570 170 347
186 570 173 348
188 570 174 349
190 569 178 351
190 569 179 352
190 570 178 351
188 569 178 353
187 569 179 354
189 570 179 352
190 570 179 351
189 569 179 351
191 569 179 351
189 570 179 351
190 569 180 351
191 568 181 352
191 568 187 355
190 567 190 356
190 567 195 357
189 568 201 360
189 568 204 362
189 568 204 362
189 568 204 361
189 568 204 361
190 568 205 362
190 567 205 362
190 567 205 362
187 567 206 363
190 567 206 363
189 567 207 363
190 567 209 364
190 567 215 367
190 567 223 372
189 566 227 374
191 565 233 378
192 565 234 378
192 564 235 378
190 564 236 378
191 564 236 378
189 564 237 377
191 564 238 378
191 564 239 378
191 564 239 378
187 564 240 378
184 564 240 378
185 564 241 378
184 563 244 379
186 563 245 380
189 564 248 381
171 564 251 382
178 563 256 381
184 562 258 382
186 562 260 381
188 561 261 382
188 561 261 382
190 561 261 383
187 560 262 383
193 560 264 383
187 560 262 383
187 560 261 383
188 561 261 383
188 561 261 383
188 560 261 382
192 560 263 382
189 562 260 376
168 562 254 386
170 564 248 379
157 565 246 392
152 566 244 393
166 566 245 386
158 565 246 393
159 565 247 391
159 565 247 392
157 565 248 393
160 565 248 391
160 565 248 391
162 565 248 391
160 564 248 393
161 564 248 392
